dates,bundesland_id,bundesland_name,landkreis_id,landkreis_name,anzahl_standorte,anzahl_meldebereiche,faelle_covid_aktuell,faelle_covid_aktuell_invasiv_beatmet,intensivbetten_frei,occupancy,intensivbetten_belegt_erwachsen,intensivbetten_frei_erwachsen
2020-04-24,01,Schleswig-Holstein,01060,LK Segeberg,4,4,0,0,61,73,73,61
2020-04-25,01,Schleswig-Holstein,01060,LK Segeberg,4,4,1,0,68,65,65,68
2020-04-26,01,Schleswig-Holstein,01060,LK Segeberg,4,4,1,0,70,63,63,70
2020-04-27,01,Schleswig-Holstein,01060,LK Segeberg,4,4,1,0,62,72,72,62
2020-04-28,01,Schleswig-Holstein,01060,LK Segeberg,4,4,1,0,57,73,73,57
2020-04-29,01,Schleswig-Holstein,01060,LK Segeberg,4,4,1,0,50,80,80,50
2020-04-30,01,Schleswig-Holstein,01060,LK Segeberg,4,4,0,0,64,70,70,64
2020-05-01,01,Schleswig-Holstein,01060,LK Segeberg,4,4,1,0,70,68,68,70
2020-05-02,01,Schleswig-Holstein,01060,LK Segeberg,4,4,1,0,62,72,72,62
2020-05-03,01,Schleswig-Holstein,01060,LK Segeberg,4,4,1,0,57,71,71,57
2020-05-04,01,Schleswig-Holstein,01060,LK Segeberg,4,4,1,0,62,72,72,62
2020-05-05,01,Schleswig-Holstein,01060,LK Segeberg,4,4,1,0,60,74,74,60
2020-05-06,01,Schleswig-Holstein,01060,LK Segeberg,4,4,1,0,51,86,86,51
2020-05-07,01,Schleswig-Holstein,01060,LK Segeberg,4,4,0,0,57,77,77,57
2020-05-08,01,Schleswig-Holstein,01060,LK Segeberg,4,4,0,0,58,77,77,58
2020-05-09,01,Schleswig-Holstein,01060,LK Segeberg,4,4,0,0,60,69,69,60
2020-05-10,01,Schleswig-Holstein,01060,LK Segeberg,4,4,0,0,62,66,66,62
2020-05-11,01,Schleswig-Holstein,01060,LK Segeberg,4,4,0,0,58,76,76,58
2020-05-12,01,Schleswig-Holstein,01060,LK Segeberg,4,4,0,0,57,77,77,57
2020-05-13,01,Schleswig-Holstein,01060,LK Segeberg,4,4,0,0,63,71,71,63
2020-05-14,01,Schleswig-Holstein,01060,LK Segeberg,4,4,0,0,60,76,76,60
2020-05-15,01,Schleswig-Holstein,01060,LK Segeberg,4,4,0,0,60,75,75,60
2020-05-16,01,Schleswig-Holstein,01060,LK Segeberg,4,4,0,0,63,66,66,63
2020-05-17,01,Schleswig-Holstein,01060,LK Segeberg,4,4,0,0,57,72,72,57
2020-05-18,01,Schleswig-Holstein,01060,LK Segeberg,4,4,0,0,62,73,73,62
2020-05-19,01,Schleswig-Holstein,01060,LK Segeberg,4,4,0,0,56,78,78,56
2020-05-20,01,Schleswig-Holstein,01060,LK Segeberg,4,4,0,0,49,85,85,49
2020-05-21,01,Schleswig-Holstein,01060,LK Segeberg,4,4,0,0,54,74,74,54
2020-05-22,01,Schleswig-Holstein,01060,LK Segeberg,4,4,0,0,59,69,69,59
2020-05-23,01,Schleswig-Holstein,01060,LK Segeberg,4,4,0,0,59,69,69,59
2020-05-24,01,Schleswig-Holstein,01060,LK Segeberg,4,4,0,0,60,68,68,60
2020-05-25,01,Schleswig-Holstein,01060,LK Segeberg,4,4,0,0,54,78,78,54
2020-05-26,01,Schleswig-Holstein,01060,LK Segeberg,4,4,0,0,56,77,77,56
2020-05-27,01,Schleswig-Holstein,01060,LK Segeberg,4,4,0,0,55,77,77,55
2020-05-28,01,Schleswig-Holstein,01060,LK Segeberg,4,4,0,0,46,86,86,46
2020-05-29,01,Schleswig-Holstein,01060,LK Segeberg,4,4,0,0,54,74,74,54
2020-05-30,01,Schleswig-Holstein,01060,LK Segeberg,4,4,0,0,54,73,73,54
2020-05-31,01,Schleswig-Holstein,01060,LK Segeberg,4,4,0,0,57,71,71,57
2020-06-01,01,Schleswig-Holstein,01060,LK Segeberg,4,4,0,0,57,71,71,57
2020-06-02,01,Schleswig-Holstein,01060,LK Segeberg,4,4,0,0,59,73,73,59
2020-06-03,01,Schleswig-Holstein,01060,LK Segeberg,4,4,0,0,54,78,78,54
2020-06-04,01,Schleswig-Holstein,01060,LK Segeberg,4,4,0,0,56,76,76,56
2020-06-05,01,Schleswig-Holstein,01060,LK Segeberg,4,4,1,0,51,75,75,51
2020-06-06,01,Schleswig-Holstein,01060,LK Segeberg,4,4,1,0,57,71,71,57
2020-06-07,01,Schleswig-Holstein,01060,LK Segeberg,4,4,1,0,58,70,70,58
2020-06-08,01,Schleswig-Holstein,01060,LK Segeberg,4,4,1,0,53,79,79,53
2020-06-09,01,Schleswig-Holstein,01060,LK Segeberg,4,4,1,0,53,79,79,53
2020-06-10,01,Schleswig-Holstein,01060,LK Segeberg,4,4,0,0,53,79,79,53
2020-06-11,01,Schleswig-Holstein,01060,LK Segeberg,4,4,0,0,58,74,74,58
2020-06-12,01,Schleswig-Holstein,01060,LK Segeberg,4,4,0,0,52,80,80,52
2020-06-13,01,Schleswig-Holstein,01060,LK Segeberg,4,4,0,0,59,73,73,59
2020-06-14,01,Schleswig-Holstein,01060,LK Segeberg,4,4,0,0,60,68,68,60
2020-06-15,01,Schleswig-Holstein,01060,LK Segeberg,4,4,0,0,56,76,76,56
2020-06-16,01,Schleswig-Holstein,01060,LK Segeberg,4,4,0,0,56,76,76,56
2020-06-17,01,Schleswig-Holstein,01060,LK Segeberg,4,4,0,0,59,73,73,59
2020-06-18,01,Schleswig-Holstein,01060,LK Segeberg,4,4,0,0,52,78,78,52
2020-06-19,01,Schleswig-Holstein,01060,LK Segeberg,4,4,0,0,49,83,83,49
2020-06-20,01,Schleswig-Holstein,01060,LK Segeberg,4,4,0,0,52,76,76,52
2020-06-21,01,Schleswig-Holstein,01060,LK Segeberg,4,4,0,0,54,74,74,54
2020-06-22,01,Schleswig-Holstein,01060,LK Segeberg,4,4,0,0,49,83,83,49
2020-06-23,01,Schleswig-Holstein,01060,LK Segeberg,4,4,0,0,50,82,82,50
2020-06-24,01,Schleswig-Holstein,01060,LK Segeberg,4,4,0,0,52,80,80,52
2020-06-25,01,Schleswig-Holstein,01060,LK Segeberg,4,4,0,0,51,81,81,51
2020-06-26,01,Schleswig-Holstein,01060,LK Segeberg,4,4,0,0,50,82,82,50
2020-06-27,01,Schleswig-Holstein,01060,LK Segeberg,4,4,0,0,53,79,79,53
2020-06-28,01,Schleswig-Holstein,01060,LK Segeberg,4,4,0,0,53,75,75,53
2020-06-29,01,Schleswig-Holstein,01060,LK Segeberg,4,4,0,0,50,82,82,50
2020-06-30,01,Schleswig-Holstein,01060,LK Segeberg,4,4,0,0,50,81,81,50
2020-07-01,01,Schleswig-Holstein,01060,LK Segeberg,4,4,0,0,51,81,81,51
2020-07-02,01,Schleswig-Holstein,01060,LK Segeberg,4,4,0,0,48,84,84,48
2020-07-03,01,Schleswig-Holstein,01060,LK Segeberg,4,4,0,0,46,86,86,46
2020-07-04,01,Schleswig-Holstein,01060,LK Segeberg,4,4,0,0,58,74,74,58
2020-07-05,01,Schleswig-Holstein,01060,LK Segeberg,4,4,0,0,58,70,70,58
2020-07-06,01,Schleswig-Holstein,01060,LK Segeberg,4,4,0,0,53,79,79,53
2020-07-07,01,Schleswig-Holstein,01060,LK Segeberg,4,4,0,0,48,84,84,48
2020-07-08,01,Schleswig-Holstein,01060,LK Segeberg,4,4,0,0,56,76,76,56
2020-07-09,01,Schleswig-Holstein,01060,LK Segeberg,4,4,0,0,52,80,80,52
2020-07-10,01,Schleswig-Holstein,01060,LK Segeberg,4,4,0,0,49,79,79,49
2020-07-11,01,Schleswig-Holstein,01060,LK Segeberg,4,4,0,0,54,74,74,54
2020-07-12,01,Schleswig-Holstein,01060,LK Segeberg,4,4,0,0,60,68,68,60
2020-07-13,01,Schleswig-Holstein,01060,LK Segeberg,4,4,0,0,55,77,77,55
2020-07-14,01,Schleswig-Holstein,01060,LK Segeberg,4,4,0,0,53,79,79,53
2020-07-15,01,Schleswig-Holstein,01060,LK Segeberg,4,4,0,0,58,74,74,58
2020-07-16,01,Schleswig-Holstein,01060,LK Segeberg,4,4,0,0,62,70,70,62
2020-07-17,01,Schleswig-Holstein,01060,LK Segeberg,4,4,0,0,62,70,70,62
2020-07-18,01,Schleswig-Holstein,01060,LK Segeberg,4,4,0,0,61,67,67,61
2020-07-19,01,Schleswig-Holstein,01060,LK Segeberg,4,4,0,0,63,65,65,63
2020-07-20,01,Schleswig-Holstein,01060,LK Segeberg,4,4,0,0,59,73,73,59
2020-07-21,01,Schleswig-Holstein,01060,LK Segeberg,4,4,0,0,62,70,70,62
2020-07-22,01,Schleswig-Holstein,01060,LK Segeberg,4,4,0,0,63,69,69,63
2020-07-23,01,Schleswig-Holstein,01060,LK Segeberg,4,4,0,0,55,77,77,55
2020-07-24,01,Schleswig-Holstein,01060,LK Segeberg,4,4,0,0,51,77,77,51
2020-07-25,01,Schleswig-Holstein,01060,LK Segeberg,4,4,0,0,53,75,75,53
2020-07-26,01,Schleswig-Holstein,01060,LK Segeberg,4,4,0,0,65,63,63,65
2020-07-27,01,Schleswig-Holstein,01060,LK Segeberg,4,4,0,0,58,74,74,58
2020-07-28,01,Schleswig-Holstein,01060,LK Segeberg,4,4,0,0,57,75,75,57
2020-07-29,01,Schleswig-Holstein,01060,LK Segeberg,4,4,0,0,57,75,75,57
2020-07-30,01,Schleswig-Holstein,01060,LK Segeberg,4,4,0,0,56,76,76,56
2020-07-31,01,Schleswig-Holstein,01060,LK Segeberg,4,4,0,0,54,78,78,54
2020-08-01,01,Schleswig-Holstein,01060,LK Segeberg,4,4,0,0,55,73,73,55
2020-08-02,01,Schleswig-Holstein,01060,LK Segeberg,4,4,0,0,60,68,68,60
2020-08-03,01,Schleswig-Holstein,01060,LK Segeberg,4,4,0,0,59,73,73,59
2020-08-04,01,Schleswig-Holstein,01060,LK Segeberg,4,4,0,0,43,77,77,43
2020-08-05,01,Schleswig-Holstein,01060,LK Segeberg,4,4,0,0,45,75,75,45
2020-08-06,01,Schleswig-Holstein,01060,LK Segeberg,4,4,0,0,42,78,78,42
2020-08-07,01,Schleswig-Holstein,01060,LK Segeberg,4,4,0,0,46,70,70,46
2020-08-08,01,Schleswig-Holstein,01060,LK Segeberg,4,4,0,0,44,72,72,44
2020-08-09,01,Schleswig-Holstein,01060,LK Segeberg,4,4,0,0,54,62,62,54
2020-08-10,01,Schleswig-Holstein,01060,LK Segeberg,4,4,0,0,45,75,75,45
2020-08-11,01,Schleswig-Holstein,01060,LK Segeberg,4,4,0,0,43,77,77,43
2020-08-12,01,Schleswig-Holstein,01060,LK Segeberg,4,4,0,0,43,77,77,43
2020-08-13,01,Schleswig-Holstein,01060,LK Segeberg,4,4,0,0,44,76,76,44
2020-08-14,01,Schleswig-Holstein,01060,LK Segeberg,4,4,0,0,37,79,79,37
2020-08-15,01,Schleswig-Holstein,01060,LK Segeberg,4,4,0,0,49,67,67,49
2020-08-16,01,Schleswig-Holstein,01060,LK Segeberg,4,4,0,0,52,64,64,52
2020-08-17,01,Schleswig-Holstein,01060,LK Segeberg,4,4,0,0,45,75,75,45
2020-08-18,01,Schleswig-Holstein,01060,LK Segeberg,4,4,0,0,42,78,78,42
2020-08-19,01,Schleswig-Holstein,01060,LK Segeberg,4,4,0,0,48,72,72,48
2020-08-20,01,Schleswig-Holstein,01060,LK Segeberg,4,4,0,0,39,81,81,39
2020-08-21,01,Schleswig-Holstein,01060,LK Segeberg,4,4,0,0,43,77,77,43
2020-08-22,01,Schleswig-Holstein,01060,LK Segeberg,4,4,0,0,39,77,77,39
2020-08-23,01,Schleswig-Holstein,01060,LK Segeberg,4,4,0,0,48,68,68,48
2020-08-24,01,Schleswig-Holstein,01060,LK Segeberg,4,4,0,0,48,72,72,48
2020-08-25,01,Schleswig-Holstein,01060,LK Segeberg,4,4,0,0,49,71,71,49
2020-08-26,01,Schleswig-Holstein,01060,LK Segeberg,4,4,0,0,44,76,76,44
2020-08-27,01,Schleswig-Holstein,01060,LK Segeberg,4,4,0,0,41,79,79,41
2020-08-28,01,Schleswig-Holstein,01060,LK Segeberg,4,4,0,0,45,75,75,45
2020-08-29,01,Schleswig-Holstein,01060,LK Segeberg,4,4,0,0,49,67,67,49
2020-08-30,01,Schleswig-Holstein,01060,LK Segeberg,4,4,0,0,51,65,65,51
2020-08-31,01,Schleswig-Holstein,01060,LK Segeberg,4,4,0,0,46,74,74,46
2020-09-01,01,Schleswig-Holstein,01060,LK Segeberg,4,4,0,0,42,78,78,42
2020-09-02,01,Schleswig-Holstein,01060,LK Segeberg,4,4,0,0,42,78,78,42
2020-09-03,01,Schleswig-Holstein,01060,LK Segeberg,4,4,0,0,41,79,79,41
2020-09-04,01,Schleswig-Holstein,01060,LK Segeberg,4,4,0,0,39,77,77,39
2020-09-05,01,Schleswig-Holstein,01060,LK Segeberg,4,4,0,0,51,65,65,51
2020-09-06,01,Schleswig-Holstein,01060,LK Segeberg,4,4,0,0,47,69,69,47
2020-09-07,01,Schleswig-Holstein,01060,LK Segeberg,4,4,0,0,37,83,83,37
2020-09-08,01,Schleswig-Holstein,01060,LK Segeberg,4,4,0,0,42,78,78,42
2020-09-09,01,Schleswig-Holstein,01060,LK Segeberg,4,4,0,0,44,76,76,44
2020-09-10,01,Schleswig-Holstein,01060,LK Segeberg,4,4,0,0,34,86,86,34
2020-09-11,01,Schleswig-Holstein,01060,LK Segeberg,4,4,0,0,46,70,70,46
2020-09-12,01,Schleswig-Holstein,01060,LK Segeberg,4,4,0,0,45,71,71,45
2020-09-13,01,Schleswig-Holstein,01060,LK Segeberg,4,4,0,0,44,72,72,44
2020-09-14,01,Schleswig-Holstein,01060,LK Segeberg,4,4,0,0,43,77,77,43
2020-09-15,01,Schleswig-Holstein,01060,LK Segeberg,4,4,0,0,41,79,79,41
2020-09-16,01,Schleswig-Holstein,01060,LK Segeberg,4,4,0,0,34,86,86,34
2020-09-17,01,Schleswig-Holstein,01060,LK Segeberg,4,4,0,0,38,82,82,38
2020-09-18,01,Schleswig-Holstein,01060,LK Segeberg,4,4,0,0,43,73,73,43
2020-09-19,01,Schleswig-Holstein,01060,LK Segeberg,4,4,0,0,48,68,68,48
2020-09-20,01,Schleswig-Holstein,01060,LK Segeberg,4,4,0,0,49,67,67,49
2020-09-21,01,Schleswig-Holstein,01060,LK Segeberg,4,4,0,0,41,79,79,41
2020-09-22,01,Schleswig-Holstein,01060,LK Segeberg,4,4,0,0,42,78,78,42
2020-09-23,01,Schleswig-Holstein,01060,LK Segeberg,4,4,0,0,38,82,82,38
2020-09-24,01,Schleswig-Holstein,01060,LK Segeberg,4,4,0,0,40,80,80,40
2020-09-25,01,Schleswig-Holstein,01060,LK Segeberg,4,4,0,0,43,73,73,43
2020-09-26,01,Schleswig-Holstein,01060,LK Segeberg,4,4,0,0,51,65,65,51
2020-09-27,01,Schleswig-Holstein,01060,LK Segeberg,4,4,0,0,52,64,64,52
2020-09-28,01,Schleswig-Holstein,01060,LK Segeberg,4,4,0,0,46,74,74,46
2020-09-29,01,Schleswig-Holstein,01060,LK Segeberg,4,4,0,0,47,73,73,47
2020-09-30,01,Schleswig-Holstein,01060,LK Segeberg,4,4,0,0,45,75,75,45
2020-10-01,01,Schleswig-Holstein,01060,LK Segeberg,4,4,0,0,44,76,76,44
2020-10-02,01,Schleswig-Holstein,01060,LK Segeberg,4,4,0,0,45,75,75,45
2020-10-03,01,Schleswig-Holstein,01060,LK Segeberg,4,4,0,0,54,62,62,54
2020-10-04,01,Schleswig-Holstein,01060,LK Segeberg,4,4,0,0,54,62,62,54
2020-10-05,01,Schleswig-Holstein,01060,LK Segeberg,4,4,0,0,47,73,73,47
2020-10-06,01,Schleswig-Holstein,01060,LK Segeberg,4,4,0,0,46,74,74,46
2020-10-07,01,Schleswig-Holstein,01060,LK Segeberg,4,4,0,0,51,69,69,51
2020-10-08,01,Schleswig-Holstein,01060,LK Segeberg,4,4,0,0,44,76,76,44
2020-10-09,01,Schleswig-Holstein,01060,LK Segeberg,4,4,0,0,45,71,71,45
2020-10-10,01,Schleswig-Holstein,01060,LK Segeberg,4,4,0,0,46,70,70,46
2020-10-11,01,Schleswig-Holstein,01060,LK Segeberg,4,4,0,0,48,68,68,48
2020-10-12,01,Schleswig-Holstein,01060,LK Segeberg,4,4,0,0,39,81,81,39
2020-10-13,01,Schleswig-Holstein,01060,LK Segeberg,4,4,0,0,39,81,81,39
2020-10-14,01,Schleswig-Holstein,01060,LK Segeberg,4,4,0,0,42,78,78,42
2020-10-15,01,Schleswig-Holstein,01060,LK Segeberg,4,4,0,0,37,83,83,37
2020-10-16,01,Schleswig-Holstein,01060,LK Segeberg,4,4,0,0,33,83,83,33
2020-10-17,01,Schleswig-Holstein,01060,LK Segeberg,4,4,0,0,37,79,79,37
2020-10-18,01,Schleswig-Holstein,01060,LK Segeberg,4,4,0,0,44,72,72,44
2020-10-19,01,Schleswig-Holstein,01060,LK Segeberg,4,4,0,0,36,84,84,36
2020-10-20,01,Schleswig-Holstein,01060,LK Segeberg,4,4,0,0,41,79,79,41
2020-10-21,01,Schleswig-Holstein,01060,LK Segeberg,4,4,0,0,43,77,77,43
2020-10-22,01,Schleswig-Holstein,01060,LK Segeberg,4,4,0,0,47,73,73,47
2020-10-23,01,Schleswig-Holstein,01060,LK Segeberg,4,4,0,0,42,74,74,42
2020-10-24,01,Schleswig-Holstein,01060,LK Segeberg,4,4,1,0,50,66,66,50
2020-10-25,01,Schleswig-Holstein,01060,LK Segeberg,4,4,1,0,51,65,65,51
2020-10-26,01,Schleswig-Holstein,01060,LK Segeberg,4,4,1,0,43,77,77,43
2020-10-27,01,Schleswig-Holstein,01060,LK Segeberg,4,4,1,0,38,82,82,38
2020-10-28,01,Schleswig-Holstein,01060,LK Segeberg,4,4,2,0,44,76,76,44
2020-10-29,01,Schleswig-Holstein,01060,LK Segeberg,4,4,1,0,39,81,81,39
2020-10-30,01,Schleswig-Holstein,01060,LK Segeberg,4,4,1,0,42,74,74,42
2020-10-31,01,Schleswig-Holstein,01060,LK Segeberg,4,4,2,1,51,65,65,51
2020-11-01,01,Schleswig-Holstein,01060,LK Segeberg,4,4,1,1,48,68,68,48
2020-11-02,01,Schleswig-Holstein,01060,LK Segeberg,4,4,1,1,40,81,81,40
2020-11-03,01,Schleswig-Holstein,01060,LK Segeberg,4,4,1,1,40,80,80,40
2020-11-04,01,Schleswig-Holstein,01060,LK Segeberg,4,4,1,0,46,74,74,46
2020-11-05,01,Schleswig-Holstein,01060,LK Segeberg,4,4,2,1,41,79,79,41
2020-11-06,01,Schleswig-Holstein,01060,LK Segeberg,4,4,2,1,45,71,71,45
2020-11-07,01,Schleswig-Holstein,01060,LK Segeberg,4,4,2,1,53,63,63,53
2020-11-08,01,Schleswig-Holstein,01060,LK Segeberg,4,4,2,1,43,70,70,43
2020-11-09,01,Schleswig-Holstein,01060,LK Segeberg,4,4,3,1,39,78,78,39
2020-11-10,01,Schleswig-Holstein,01060,LK Segeberg,4,4,5,1,35,82,82,35
2020-11-11,01,Schleswig-Holstein,01060,LK Segeberg,4,4,3,1,36,81,81,36
2020-11-12,01,Schleswig-Holstein,01060,LK Segeberg,4,4,2,0,38,79,79,38
2020-11-13,01,Schleswig-Holstein,01060,LK Segeberg,4,4,1,0,38,75,75,38
2020-11-14,01,Schleswig-Holstein,01060,LK Segeberg,4,4,1,0,40,73,73,40
2020-11-15,01,Schleswig-Holstein,01060,LK Segeberg,4,4,2,0,42,71,71,42
2020-11-16,01,Schleswig-Holstein,01060,LK Segeberg,4,4,2,0,40,77,77,40
2020-11-17,01,Schleswig-Holstein,01060,LK Segeberg,4,4,1,0,40,77,77,40
2020-11-18,01,Schleswig-Holstein,01060,LK Segeberg,4,4,1,0,41,76,76,41
2020-11-19,01,Schleswig-Holstein,01060,LK Segeberg,4,4,2,0,43,74,74,43
2020-11-20,01,Schleswig-Holstein,01060,LK Segeberg,4,4,0,0,45,68,68,45
2020-11-21,01,Schleswig-Holstein,01060,LK Segeberg,4,4,1,1,51,62,62,51
2020-11-22,01,Schleswig-Holstein,01060,LK Segeberg,4,4,1,1,46,67,67,46
2020-11-23,01,Schleswig-Holstein,01060,LK Segeberg,4,4,1,0,38,79,79,38
2020-11-24,01,Schleswig-Holstein,01060,LK Segeberg,4,4,0,0,39,78,78,39
2020-11-25,01,Schleswig-Holstein,01060,LK Segeberg,4,4,0,0,50,67,67,50
2020-11-26,01,Schleswig-Holstein,01060,LK Segeberg,4,4,0,0,46,71,71,46
2020-11-27,01,Schleswig-Holstein,01060,LK Segeberg,4,4,0,0,43,70,70,43
2020-11-28,01,Schleswig-Holstein,01060,LK Segeberg,4,4,1,0,49,64,64,49
2020-11-29,01,Schleswig-Holstein,01060,LK Segeberg,4,4,1,0,52,61,61,52
2020-11-30,01,Schleswig-Holstein,01060,LK Segeberg,4,4,1,0,39,78,78,39
2020-12-01,01,Schleswig-Holstein,01060,LK Segeberg,4,4,1,1,35,82,82,35
2020-12-02,01,Schleswig-Holstein,01060,LK Segeberg,4,4,1,1,34,83,83,34
2020-12-03,01,Schleswig-Holstein,01060,LK Segeberg,4,4,1,1,34,83,83,34
2020-12-04,01,Schleswig-Holstein,01060,LK Segeberg,4,4,1,1,41,72,72,41
2020-12-05,01,Schleswig-Holstein,01060,LK Segeberg,4,4,1,1,46,67,67,46
2020-12-06,01,Schleswig-Holstein,01060,LK Segeberg,4,4,2,1,44,69,69,44
2020-12-07,01,Schleswig-Holstein,01060,LK Segeberg,4,4,2,2,44,73,73,44
2020-12-08,01,Schleswig-Holstein,01060,LK Segeberg,4,4,2,2,42,75,75,42
2020-12-09,01,Schleswig-Holstein,01060,LK Segeberg,4,4,2,2,42,75,75,42
2020-12-10,01,Schleswig-Holstein,01060,LK Segeberg,4,4,2,2,44,73,73,44
2020-12-11,01,Schleswig-Holstein,01060,LK Segeberg,4,4,1,1,38,75,75,38
2020-12-12,01,Schleswig-Holstein,01060,LK Segeberg,4,4,2,1,44,69,69,44
2020-12-13,01,Schleswig-Holstein,01060,LK Segeberg,4,4,2,1,45,68,68,45
2020-12-14,01,Schleswig-Holstein,01060,LK Segeberg,4,4,2,1,41,76,76,41
2020-12-15,01,Schleswig-Holstein,01060,LK Segeberg,4,4,1,1,41,76,76,41
2020-12-16,01,Schleswig-Holstein,01060,LK Segeberg,4,4,1,1,42,75,75,42
2020-12-17,01,Schleswig-Holstein,01060,LK Segeberg,4,4,1,1,42,75,75,42
2020-12-18,01,Schleswig-Holstein,01060,LK Segeberg,4,4,1,0,39,74,74,39
2020-12-19,01,Schleswig-Holstein,01060,LK Segeberg,4,4,1,0,46,67,67,46
2020-12-20,01,Schleswig-Holstein,01060,LK Segeberg,4,4,1,0,26,65,65,26
2020-12-21,01,Schleswig-Holstein,01060,LK Segeberg,4,4,0,0,23,68,68,23
2020-12-22,01,Schleswig-Holstein,01060,LK Segeberg,4,4,1,1,17,68,68,17
2020-12-23,01,Schleswig-Holstein,01060,LK Segeberg,4,4,2,1,20,63,63,20
2020-12-24,01,Schleswig-Holstein,01060,LK Segeberg,4,4,3,1,25,58,58,25
2020-12-25,01,Schleswig-Holstein,01060,LK Segeberg,4,4,3,1,22,61,61,22
2020-12-26,01,Schleswig-Holstein,01060,LK Segeberg,4,4,5,4,22,63,63,22
2020-12-27,01,Schleswig-Holstein,01060,LK Segeberg,4,4,6,5,19,66,66,19
2020-12-28,01,Schleswig-Holstein,01060,LK Segeberg,4,4,6,5,19,64,64,19
2020-12-29,01,Schleswig-Holstein,01060,LK Segeberg,4,4,6,4,21,62,62,21
2020-12-30,01,Schleswig-Holstein,01060,LK Segeberg,4,4,7,5,23,60,60,23
2020-12-31,01,Schleswig-Holstein,01060,LK Segeberg,4,4,6,3,22,61,61,22
2021-01-01,01,Schleswig-Holstein,01060,LK Segeberg,4,4,6,3,16,67,67,16
2021-01-02,01,Schleswig-Holstein,01060,LK Segeberg,4,4,5,4,18,65,65,18
2021-01-03,01,Schleswig-Holstein,01060,LK Segeberg,4,4,5,4,16,67,67,16
2021-01-04,01,Schleswig-Holstein,01060,LK Segeberg,4,4,6,4,14,79,79,14
2021-01-05,01,Schleswig-Holstein,01060,LK Segeberg,4,4,6,5,18,75,75,18
2021-01-06,01,Schleswig-Holstein,01060,LK Segeberg,4,4,7,5,14,79,79,14
2021-01-07,01,Schleswig-Holstein,01060,LK Segeberg,4,4,7,6,20,73,73,20
2021-01-08,01,Schleswig-Holstein,01060,LK Segeberg,4,4,8,7,18,71,71,18
2021-01-09,01,Schleswig-Holstein,01060,LK Segeberg,4,4,9,8,21,68,68,21
2021-01-10,01,Schleswig-Holstein,01060,LK Segeberg,4,4,11,8,23,66,66,23
2021-01-11,01,Schleswig-Holstein,01060,LK Segeberg,4,4,9,7,20,73,73,20
2021-01-12,01,Schleswig-Holstein,01060,LK Segeberg,4,4,9,8,19,74,74,19
2021-01-13,01,Schleswig-Holstein,01060,LK Segeberg,4,4,5,5,20,73,73,20
2021-01-14,01,Schleswig-Holstein,01060,LK Segeberg,4,4,6,6,20,73,73,20
2021-01-15,01,Schleswig-Holstein,01060,LK Segeberg,4,4,6,6,24,65,65,24
2021-01-16,01,Schleswig-Holstein,01060,LK Segeberg,4,4,6,6,25,64,64,25
2021-01-17,01,Schleswig-Holstein,01060,LK Segeberg,4,4,5,3,22,67,67,22
2021-01-18,01,Schleswig-Holstein,01060,LK Segeberg,4,4,5,3,19,74,74,19
2021-01-19,01,Schleswig-Holstein,01060,LK Segeberg,4,4,10,7,18,75,75,18
2021-01-20,01,Schleswig-Holstein,01060,LK Segeberg,4,4,4,4,22,71,71,22
2021-01-21,01,Schleswig-Holstein,01060,LK Segeberg,4,4,4,3,18,75,75,18
2021-01-22,01,Schleswig-Holstein,01060,LK Segeberg,4,4,5,3,19,70,70,19
2021-01-23,01,Schleswig-Holstein,01060,LK Segeberg,4,4,6,4,22,67,67,22
2021-01-24,01,Schleswig-Holstein,01060,LK Segeberg,4,4,7,3,23,66,66,23
2021-01-25,01,Schleswig-Holstein,01060,LK Segeberg,4,4,7,4,10,83,83,10
2021-01-26,01,Schleswig-Holstein,01060,LK Segeberg,4,4,5,4,13,80,80,13
2021-01-27,01,Schleswig-Holstein,01060,LK Segeberg,4,4,4,4,16,77,77,16
2021-01-28,01,Schleswig-Holstein,01060,LK Segeberg,4,4,3,3,18,75,75,18
2021-01-29,01,Schleswig-Holstein,01060,LK Segeberg,4,4,3,3,16,73,73,16
2021-01-30,01,Schleswig-Holstein,01060,LK Segeberg,4,4,4,3,18,71,71,18
2021-01-31,01,Schleswig-Holstein,01060,LK Segeberg,4,4,5,3,22,67,67,22
2021-02-01,01,Schleswig-Holstein,01060,LK Segeberg,4,4,5,3,19,74,74,19
2021-02-02,01,Schleswig-Holstein,01060,LK Segeberg,4,4,4,4,18,75,75,18
2021-02-03,01,Schleswig-Holstein,01060,LK Segeberg,4,4,4,4,22,71,71,22
2021-02-04,01,Schleswig-Holstein,01060,LK Segeberg,4,4,5,3,15,70,70,15
2021-02-05,01,Schleswig-Holstein,01060,LK Segeberg,4,4,5,3,20,69,69,20
2021-02-06,01,Schleswig-Holstein,01060,LK Segeberg,4,4,5,2,25,62,62,25
2021-02-07,01,Schleswig-Holstein,01060,LK Segeberg,4,4,4,3,24,61,61,24
2021-02-08,01,Schleswig-Holstein,01060,LK Segeberg,4,4,5,3,28,65,65,28
2021-02-09,01,Schleswig-Holstein,01060,LK Segeberg,4,4,6,5,18,75,75,18
2021-02-10,01,Schleswig-Holstein,01060,LK Segeberg,4,4,7,6,21,72,72,21
2021-02-11,01,Schleswig-Holstein,01060,LK Segeberg,4,4,6,6,22,71,71,22
2021-02-12,01,Schleswig-Holstein,01060,LK Segeberg,4,4,7,5,22,67,67,22
2021-02-13,01,Schleswig-Holstein,01060,LK Segeberg,4,4,6,4,30,59,59,30
2021-02-14,01,Schleswig-Holstein,01060,LK Segeberg,4,4,6,4,25,64,64,25
2021-02-15,01,Schleswig-Holstein,01060,LK Segeberg,4,4,6,4,15,78,78,15
2021-02-16,01,Schleswig-Holstein,01060,LK Segeberg,4,4,5,3,16,77,77,16
2021-02-17,01,Schleswig-Holstein,01060,LK Segeberg,4,4,5,3,20,73,73,20
2021-02-18,01,Schleswig-Holstein,01060,LK Segeberg,4,4,5,3,19,74,74,19
2021-02-19,01,Schleswig-Holstein,01060,LK Segeberg,4,4,5,3,15,74,74,15
2021-02-20,01,Schleswig-Holstein,01060,LK Segeberg,4,4,5,3,21,68,68,21
2021-02-21,01,Schleswig-Holstein,01060,LK Segeberg,4,4,4,2,21,68,68,21
2021-02-22,01,Schleswig-Holstein,01060,LK Segeberg,4,4,4,3,14,79,79,14
2021-02-23,01,Schleswig-Holstein,01060,LK Segeberg,4,4,4,2,16,77,77,16
2021-02-24,01,Schleswig-Holstein,01060,LK Segeberg,4,4,2,2,20,73,73,20
2021-02-25,01,Schleswig-Holstein,01060,LK Segeberg,4,4,2,2,13,80,80,13
2021-02-26,01,Schleswig-Holstein,01060,LK Segeberg,4,4,2,2,18,71,71,18
2021-02-27,01,Schleswig-Holstein,01060,LK Segeberg,4,4,3,2,21,68,68,21
2021-02-28,01,Schleswig-Holstein,01060,LK Segeberg,4,4,3,2,22,67,67,22
2021-03-01,01,Schleswig-Holstein,01060,LK Segeberg,4,4,3,2,21,73,73,21
2021-03-02,01,Schleswig-Holstein,01060,LK Segeberg,4,4,4,4,20,74,74,20
2021-03-03,01,Schleswig-Holstein,01060,LK Segeberg,4,4,3,3,24,70,70,24
2021-03-04,01,Schleswig-Holstein,01060,LK Segeberg,4,4,3,3,28,66,66,28
2021-03-05,01,Schleswig-Holstein,01060,LK Segeberg,4,4,3,3,20,69,69,20
2021-03-06,01,Schleswig-Holstein,01060,LK Segeberg,4,4,4,4,27,62,62,27
2021-03-07,01,Schleswig-Holstein,01060,LK Segeberg,4,4,4,4,24,65,65,24
2021-03-08,01,Schleswig-Holstein,01060,LK Segeberg,4,4,4,4,20,74,74,20
2021-03-09,01,Schleswig-Holstein,01060,LK Segeberg,4,4,3,3,25,69,69,25
2021-03-10,01,Schleswig-Holstein,01060,LK Segeberg,4,4,3,2,28,66,66,28
2021-03-11,01,Schleswig-Holstein,01060,LK Segeberg,4,4,3,2,26,68,68,26
2021-03-12,01,Schleswig-Holstein,01060,LK Segeberg,4,4,4,2,24,65,65,24
2021-03-13,01,Schleswig-Holstein,01060,LK Segeberg,4,4,3,2,32,57,57,32
2021-03-14,01,Schleswig-Holstein,01060,LK Segeberg,4,4,3,2,23,66,66,23
2021-03-15,01,Schleswig-Holstein,01060,LK Segeberg,4,4,3,2,18,76,76,18
2021-03-16,01,Schleswig-Holstein,01060,LK Segeberg,4,4,3,2,22,72,72,22
2021-03-17,01,Schleswig-Holstein,01060,LK Segeberg,4,4,3,2,21,73,73,21
2021-03-18,01,Schleswig-Holstein,01060,LK Segeberg,4,4,4,4,19,75,75,19
2021-03-19,01,Schleswig-Holstein,01060,LK Segeberg,4,4,4,4,20,69,69,20
2021-03-20,01,Schleswig-Holstein,01060,LK Segeberg,4,4,3,3,21,68,68,21
2021-03-21,01,Schleswig-Holstein,01060,LK Segeberg,4,4,1,0,32,57,57,32
2021-03-22,01,Schleswig-Holstein,01060,LK Segeberg,4,4,1,0,29,65,65,29
2021-03-23,01,Schleswig-Holstein,01060,LK Segeberg,4,4,3,0,24,70,70,24
2021-03-24,01,Schleswig-Holstein,01060,LK Segeberg,4,4,2,1,28,66,66,28
2021-03-25,01,Schleswig-Holstein,01060,LK Segeberg,4,4,2,1,29,65,65,29
2021-03-26,01,Schleswig-Holstein,01060,LK Segeberg,4,4,2,0,27,62,62,27
2021-03-27,01,Schleswig-Holstein,01060,LK Segeberg,4,4,2,0,29,60,60,29
2021-03-28,01,Schleswig-Holstein,01060,LK Segeberg,4,4,5,1,27,62,62,27
2021-03-29,01,Schleswig-Holstein,01060,LK Segeberg,4,4,5,0,24,70,70,24
2021-03-30,01,Schleswig-Holstein,01060,LK Segeberg,4,4,5,1,26,68,68,26
2021-03-31,01,Schleswig-Holstein,01060,LK Segeberg,4,4,5,2,22,72,72,22
2021-04-01,01,Schleswig-Holstein,01060,LK Segeberg,4,4,5,3,24,70,70,24
2021-04-02,01,Schleswig-Holstein,01060,LK Segeberg,4,4,5,3,27,62,62,27
2021-04-03,01,Schleswig-Holstein,01060,LK Segeberg,4,4,6,3,22,67,67,22
2021-04-04,01,Schleswig-Holstein,01060,LK Segeberg,4,4,6,4,25,64,64,25
2021-04-05,01,Schleswig-Holstein,01060,LK Segeberg,4,4,5,4,21,68,68,21
2021-04-06,01,Schleswig-Holstein,01060,LK Segeberg,4,4,5,4,25,69,69,25
2021-04-07,01,Schleswig-Holstein,01060,LK Segeberg,4,4,5,4,27,67,67,27
2021-04-08,01,Schleswig-Holstein,01060,LK Segeberg,4,4,6,6,25,69,69,25
2021-04-09,01,Schleswig-Holstein,01060,LK Segeberg,4,4,7,6,25,64,64,25
2021-04-10,01,Schleswig-Holstein,01060,LK Segeberg,4,4,5,5,27,62,62,27
2021-04-11,01,Schleswig-Holstein,01060,LK Segeberg,4,4,6,5,27,62,62,27
2021-04-12,01,Schleswig-Holstein,01060,LK Segeberg,4,4,6,5,19,75,75,19
2021-04-13,01,Schleswig-Holstein,01060,LK Segeberg,4,4,7,5,18,76,76,18
2021-04-14,01,Schleswig-Holstein,01060,LK Segeberg,4,4,4,2,30,64,64,30
2021-04-15,01,Schleswig-Holstein,01060,LK Segeberg,4,4,6,3,20,74,74,20
2021-04-16,01,Schleswig-Holstein,01060,LK Segeberg,4,4,6,3,18,71,71,18
2021-04-17,01,Schleswig-Holstein,01060,LK Segeberg,4,4,7,3,21,68,68,21
2021-04-18,01,Schleswig-Holstein,01060,LK Segeberg,4,4,6,3,20,69,69,20
2021-04-19,01,Schleswig-Holstein,01060,LK Segeberg,4,4,6,3,17,77,77,17
2021-04-20,01,Schleswig-Holstein,01060,LK Segeberg,4,4,6,3,14,80,80,14
2021-04-21,01,Schleswig-Holstein,01060,LK Segeberg,4,4,5,4,16,78,78,16
2021-04-22,01,Schleswig-Holstein,01060,LK Segeberg,4,4,5,4,21,73,73,21
2021-04-23,01,Schleswig-Holstein,01060,LK Segeberg,4,4,5,4,18,71,71,18
2021-04-24,01,Schleswig-Holstein,01060,LK Segeberg,4,4,5,4,21,68,68,21
2021-04-25,01,Schleswig-Holstein,01060,LK Segeberg,4,4,5,4,25,64,64,25
2021-04-26,01,Schleswig-Holstein,01060,LK Segeberg,4,4,5,4,23,71,71,23
2021-04-27,01,Schleswig-Holstein,01060,LK Segeberg,4,4,6,5,22,72,72,22
2021-04-28,01,Schleswig-Holstein,01060,LK Segeberg,4,4,6,5,23,72,72,23
2021-04-29,01,Schleswig-Holstein,01060,LK Segeberg,4,4,6,4,22,73,73,22
2021-04-30,01,Schleswig-Holstein,01060,LK Segeberg,4,4,7,4,14,76,76,14
2021-05-01,01,Schleswig-Holstein,01060,LK Segeberg,4,4,6,4,27,63,63,27
2021-05-02,01,Schleswig-Holstein,01060,LK Segeberg,4,4,5,4,34,56,56,34
2021-05-03,01,Schleswig-Holstein,01060,LK Segeberg,4,4,5,4,20,75,75,20
2021-05-04,01,Schleswig-Holstein,01060,LK Segeberg,4,4,6,5,21,74,74,21
2021-05-05,01,Schleswig-Holstein,01060,LK Segeberg,4,4,5,4,17,78,78,17
2021-05-06,01,Schleswig-Holstein,01060,LK Segeberg,4,4,4,4,21,74,74,21
2021-05-07,01,Schleswig-Holstein,01060,LK Segeberg,4,4,4,4,17,68,68,17
2021-05-08,01,Schleswig-Holstein,01060,LK Segeberg,4,4,4,4,25,60,60,25
2021-05-09,01,Schleswig-Holstein,01060,LK Segeberg,4,4,4,4,23,62,62,23
2021-05-10,01,Schleswig-Holstein,01060,LK Segeberg,4,4,4,4,21,70,70,21
2021-05-11,01,Schleswig-Holstein,01060,LK Segeberg,4,4,4,4,21,70,70,21
2021-05-12,01,Schleswig-Holstein,01060,LK Segeberg,4,4,3,3,22,73,73,22
2021-05-13,01,Schleswig-Holstein,01060,LK Segeberg,4,4,3,3,23,63,63,23
2021-05-14,01,Schleswig-Holstein,01060,LK Segeberg,4,4,2,2,20,66,66,20
2021-05-15,01,Schleswig-Holstein,01060,LK Segeberg,4,4,2,2,23,63,63,23
2021-05-16,01,Schleswig-Holstein,01060,LK Segeberg,4,4,2,2,22,64,64,22
2021-05-17,01,Schleswig-Holstein,01060,LK Segeberg,4,4,3,2,20,71,71,20
2021-05-18,01,Schleswig-Holstein,01060,LK Segeberg,4,4,3,2,21,73,73,21
2021-05-19,01,Schleswig-Holstein,01060,LK Segeberg,4,4,3,2,15,76,76,15
2021-05-20,01,Schleswig-Holstein,01060,LK Segeberg,4,4,3,2,19,72,72,19
2021-05-21,01,Schleswig-Holstein,01060,LK Segeberg,4,4,3,2,20,67,67,20
2021-05-22,01,Schleswig-Holstein,01060,LK Segeberg,4,4,2,1,25,61,61,25
2021-05-23,01,Schleswig-Holstein,01060,LK Segeberg,4,4,2,2,27,59,59,27
2021-05-24,01,Schleswig-Holstein,01060,LK Segeberg,4,4,2,2,25,61,61,25
2021-05-25,01,Schleswig-Holstein,01060,LK Segeberg,4,4,2,1,26,66,66,26
2021-05-26,01,Schleswig-Holstein,01060,LK Segeberg,4,4,3,2,22,70,70,22
2021-05-27,01,Schleswig-Holstein,01060,LK Segeberg,3,3,3,1,21,64,64,21
2021-05-28,01,Schleswig-Holstein,01060,LK Segeberg,3,3,3,1,23,57,57,23
2021-05-29,01,Schleswig-Holstein,01060,LK Segeberg,3,3,3,1,27,53,53,27
2021-05-30,01,Schleswig-Holstein,01060,LK Segeberg,3,3,3,1,27,53,53,27
2021-05-31,01,Schleswig-Holstein,01060,LK Segeberg,4,4,3,2,20,75,75,20
2021-06-01,01,Schleswig-Holstein,01060,LK Segeberg,4,4,2,2,23,72,72,23
2021-06-02,01,Schleswig-Holstein,01060,LK Segeberg,4,4,3,2,27,68,68,27
2021-06-03,01,Schleswig-Holstein,01060,LK Segeberg,4,4,3,2,23,72,72,23
2021-06-04,01,Schleswig-Holstein,01060,LK Segeberg,4,4,2,1,21,69,69,21
2021-06-05,01,Schleswig-Holstein,01060,LK Segeberg,4,4,2,1,29,61,61,29
2021-06-06,01,Schleswig-Holstein,01060,LK Segeberg,4,4,1,1,27,63,63,27
2021-06-07,01,Schleswig-Holstein,01060,LK Segeberg,3,3,1,1,23,62,62,23
2021-06-08,01,Schleswig-Holstein,01060,LK Segeberg,3,3,2,1,23,62,62,23
2021-06-09,01,Schleswig-Holstein,01060,LK Segeberg,3,3,2,1,30,55,55,30
2021-06-10,01,Schleswig-Holstein,01060,LK Segeberg,3,3,2,1,27,58,58,27
2021-06-11,01,Schleswig-Holstein,01060,LK Segeberg,3,3,3,3,22,58,58,22
2021-06-12,01,Schleswig-Holstein,01060,LK Segeberg,3,3,3,3,27,53,53,27
2021-06-13,01,Schleswig-Holstein,01060,LK Segeberg,3,3,3,3,25,55,55,25
2021-06-14,01,Schleswig-Holstein,01060,LK Segeberg,3,3,3,3,17,68,68,17
2021-06-15,01,Schleswig-Holstein,01060,LK Segeberg,3,3,2,2,22,63,63,22
2021-06-16,01,Schleswig-Holstein,01060,LK Segeberg,3,3,3,1,25,60,60,25
2021-06-17,01,Schleswig-Holstein,01060,LK Segeberg,3,3,2,1,26,59,59,26
2021-06-18,01,Schleswig-Holstein,01060,LK Segeberg,3,3,2,2,24,56,56,24
2021-06-19,01,Schleswig-Holstein,01060,LK Segeberg,3,3,2,2,23,57,57,23
2021-06-20,01,Schleswig-Holstein,01060,LK Segeberg,3,3,2,2,22,54,54,22
2021-06-21,01,Schleswig-Holstein,01060,LK Segeberg,3,3,2,2,19,62,62,19
2021-06-22,01,Schleswig-Holstein,01060,LK Segeberg,3,3,2,2,17,64,64,17
2021-06-23,01,Schleswig-Holstein,01060,LK Segeberg,3,3,2,2,19,62,62,19
2021-06-24,01,Schleswig-Holstein,01060,LK Segeberg,3,3,2,2,20,61,61,20
2021-06-25,01,Schleswig-Holstein,01060,LK Segeberg,3,3,2,1,26,54,54,26
2021-06-26,01,Schleswig-Holstein,01060,LK Segeberg,3,3,2,1,26,54,54,26
2021-06-27,01,Schleswig-Holstein,01060,LK Segeberg,3,3,2,1,31,49,49,31
2021-06-28,01,Schleswig-Holstein,01060,LK Segeberg,3,3,2,1,20,65,65,20
2021-06-29,01,Schleswig-Holstein,01060,LK Segeberg,3,3,2,1,27,58,58,27
2021-06-30,01,Schleswig-Holstein,01060,LK Segeberg,3,3,2,1,27,58,58,27
2021-07-01,01,Schleswig-Holstein,01060,LK Segeberg,3,3,2,1,22,63,63,22
2021-07-02,01,Schleswig-Holstein,01060,LK Segeberg,3,3,2,1,27,53,53,27
2021-07-03,01,Schleswig-Holstein,01060,LK Segeberg,3,3,2,1,27,53,53,27
2021-07-04,01,Schleswig-Holstein,01060,LK Segeberg,3,3,2,1,32,48,48,32
2021-07-05,01,Schleswig-Holstein,01060,LK Segeberg,3,3,2,1,23,62,62,23
2021-07-06,01,Schleswig-Holstein,01060,LK Segeberg,3,3,2,1,20,65,65,20
2021-07-07,01,Schleswig-Holstein,01060,LK Segeberg,3,3,2,1,18,67,67,18
2021-07-08,01,Schleswig-Holstein,01060,LK Segeberg,3,3,1,1,24,61,61,24
2021-07-09,01,Schleswig-Holstein,01060,LK Segeberg,3,3,1,1,22,58,58,22
2021-07-10,01,Schleswig-Holstein,01060,LK Segeberg,3,3,1,1,26,54,54,26
2021-07-11,01,Schleswig-Holstein,01060,LK Segeberg,3,3,1,1,31,49,49,31
2021-07-12,01,Schleswig-Holstein,01060,LK Segeberg,3,3,1,1,27,58,58,27
2021-07-13,01,Schleswig-Holstein,01060,LK Segeberg,3,3,1,1,21,64,64,21
2021-07-14,01,Schleswig-Holstein,01060,LK Segeberg,3,3,0,0,22,63,63,22
2021-07-15,01,Schleswig-Holstein,01060,LK Segeberg,3,3,0,0,26,59,59,26
2021-07-16,01,Schleswig-Holstein,01060,LK Segeberg,3,3,0,0,24,56,56,24
2021-07-17,01,Schleswig-Holstein,01060,LK Segeberg,3,3,1,1,29,51,51,29
2021-07-18,01,Schleswig-Holstein,01060,LK Segeberg,3,3,1,1,28,52,52,28
2021-07-19,01,Schleswig-Holstein,01060,LK Segeberg,3,3,1,1,23,62,62,23
2021-07-20,01,Schleswig-Holstein,01060,LK Segeberg,3,3,0,0,25,60,60,25
2021-07-21,01,Schleswig-Holstein,01060,LK Segeberg,3,3,0,0,23,62,62,23
2021-07-22,01,Schleswig-Holstein,01060,LK Segeberg,3,3,0,0,23,62,62,23
2021-07-23,01,Schleswig-Holstein,01060,LK Segeberg,3,3,0,0,25,55,55,25
2021-07-24,01,Schleswig-Holstein,01060,LK Segeberg,3,3,0,0,28,52,52,28
2021-07-25,01,Schleswig-Holstein,01060,LK Segeberg,3,3,0,0,28,52,52,28
2021-07-26,01,Schleswig-Holstein,01060,LK Segeberg,3,3,1,1,29,56,56,29
2021-07-27,01,Schleswig-Holstein,01060,LK Segeberg,3,3,1,1,28,57,57,28
2021-07-28,01,Schleswig-Holstein,01060,LK Segeberg,3,3,2,1,28,57,57,28
2021-07-29,01,Schleswig-Holstein,01060,LK Segeberg,3,3,1,1,25,60,60,25
2021-07-30,01,Schleswig-Holstein,01060,LK Segeberg,3,3,1,1,27,53,53,27
2021-07-31,01,Schleswig-Holstein,01060,LK Segeberg,3,3,1,1,27,53,53,27
2021-08-01,01,Schleswig-Holstein,01060,LK Segeberg,3,3,1,1,29,51,51,29
2021-08-02,01,Schleswig-Holstein,01060,LK Segeberg,4,4,1,1,27,64,64,27
2021-08-03,01,Schleswig-Holstein,01060,LK Segeberg,4,4,1,1,28,63,63,28
2021-08-04,01,Schleswig-Holstein,01060,LK Segeberg,4,4,2,1,25,66,66,25
2021-08-05,01,Schleswig-Holstein,01060,LK Segeberg,4,4,2,2,31,60,60,31
2021-08-06,01,Schleswig-Holstein,01060,LK Segeberg,4,4,2,2,25,61,61,25
2021-08-07,01,Schleswig-Holstein,01060,LK Segeberg,4,4,3,2,25,61,61,25
2021-08-08,01,Schleswig-Holstein,01060,LK Segeberg,4,4,3,2,32,54,54,32
2021-08-09,01,Schleswig-Holstein,01060,LK Segeberg,3,3,3,2,28,57,57,28
2021-08-10,01,Schleswig-Holstein,01060,LK Segeberg,3,3,3,2,23,62,62,23
2021-08-11,01,Schleswig-Holstein,01060,LK Segeberg,3,3,2,1,22,63,63,22
2021-08-12,01,Schleswig-Holstein,01060,LK Segeberg,3,3,2,2,25,60,60,25
2021-08-13,01,Schleswig-Holstein,01060,LK Segeberg,3,3,2,2,20,60,60,20
2021-08-14,01,Schleswig-Holstein,01060,LK Segeberg,3,3,1,1,30,50,50,30
2021-08-15,01,Schleswig-Holstein,01060,LK Segeberg,3,3,1,1,27,53,53,27
2021-08-16,01,Schleswig-Holstein,01060,LK Segeberg,3,3,1,1,26,59,59,26
2021-08-17,01,Schleswig-Holstein,01060,LK Segeberg,3,3,1,1,23,62,62,23
2021-08-18,01,Schleswig-Holstein,01060,LK Segeberg,3,3,1,0,26,59,59,26
2021-08-19,01,Schleswig-Holstein,01060,LK Segeberg,3,3,1,0,22,63,63,22
2021-08-20,01,Schleswig-Holstein,01060,LK Segeberg,3,3,1,0,24,56,56,24
2021-08-21,01,Schleswig-Holstein,01060,LK Segeberg,3,3,2,1,24,56,56,24
2021-08-22,01,Schleswig-Holstein,01060,LK Segeberg,3,3,2,0,25,55,55,25
2021-08-23,01,Schleswig-Holstein,01060,LK Segeberg,3,3,2,0,25,60,60,25
2021-08-24,01,Schleswig-Holstein,01060,LK Segeberg,3,3,2,0,25,60,60,25
2021-08-25,01,Schleswig-Holstein,01060,LK Segeberg,3,3,3,0,30,55,55,30
2021-08-26,01,Schleswig-Holstein,01060,LK Segeberg,3,3,3,0,28,57,57,28
2021-08-27,01,Schleswig-Holstein,01060,LK Segeberg,3,3,2,0,22,58,58,22
2021-08-28,01,Schleswig-Holstein,01060,LK Segeberg,3,3,2,0,26,54,54,26
2021-08-29,01,Schleswig-Holstein,01060,LK Segeberg,3,3,2,0,32,48,48,32
2021-08-30,01,Schleswig-Holstein,01060,LK Segeberg,3,3,2,0,22,63,63,22
2021-08-31,01,Schleswig-Holstein,01060,LK Segeberg,3,3,2,1,21,64,64,21
2021-09-01,01,Schleswig-Holstein,01060,LK Segeberg,3,3,1,1,23,62,62,23
2021-09-02,01,Schleswig-Holstein,01060,LK Segeberg,3,3,1,1,28,57,57,28
2021-09-03,01,Schleswig-Holstein,01060,LK Segeberg,3,3,1,1,23,57,57,23
2021-09-04,01,Schleswig-Holstein,01060,LK Segeberg,3,3,1,1,23,57,57,23
2021-09-05,01,Schleswig-Holstein,01060,LK Segeberg,3,3,1,1,28,52,52,28
2021-09-06,01,Schleswig-Holstein,01060,LK Segeberg,3,3,1,1,21,64,64,21
2021-09-07,01,Schleswig-Holstein,01060,LK Segeberg,3,3,1,0,25,60,60,25
2021-09-08,01,Schleswig-Holstein,01060,LK Segeberg,3,3,0,0,23,62,62,23
2021-09-09,01,Schleswig-Holstein,01060,LK Segeberg,3,3,0,0,17,68,68,17
2021-09-10,01,Schleswig-Holstein,01060,LK Segeberg,3,3,0,0,17,62,62,17
2021-09-11,01,Schleswig-Holstein,01060,LK Segeberg,3,3,0,0,19,55,55,19
2021-09-12,01,Schleswig-Holstein,01060,LK Segeberg,3,3,0,0,20,54,54,20
2021-09-13,01,Schleswig-Holstein,01060,LK Segeberg,3,3,0,0,25,60,60,25
2021-09-14,01,Schleswig-Holstein,01060,LK Segeberg,3,3,0,0,23,62,62,23
2021-09-15,01,Schleswig-Holstein,01060,LK Segeberg,3,3,0,0,26,59,59,26
2021-09-16,01,Schleswig-Holstein,01060,LK Segeberg,3,3,0,0,22,63,63,22
2021-09-17,01,Schleswig-Holstein,01060,LK Segeberg,3,3,0,0,23,57,57,23
2021-09-18,01,Schleswig-Holstein,01060,LK Segeberg,3,3,0,0,28,52,52,28
2021-09-19,01,Schleswig-Holstein,01060,LK Segeberg,3,3,0,0,32,48,48,32
2021-09-20,01,Schleswig-Holstein,01060,LK Segeberg,3,3,0,0,24,56,56,24
2021-09-21,01,Schleswig-Holstein,01060,LK Segeberg,3,3,0,0,24,61,61,24
2021-09-22,01,Schleswig-Holstein,01060,LK Segeberg,3,3,0,0,22,63,63,22
2021-09-23,01,Schleswig-Holstein,01060,LK Segeberg,3,3,0,0,20,65,65,20
2021-09-24,01,Schleswig-Holstein,01060,LK Segeberg,3,3,0,0,17,63,63,17
2021-09-25,01,Schleswig-Holstein,01060,LK Segeberg,3,3,0,0,26,54,54,26
2021-09-26,01,Schleswig-Holstein,01060,LK Segeberg,3,3,0,0,31,49,49,31
2021-09-27,01,Schleswig-Holstein,01060,LK Segeberg,3,3,0,0,20,65,65,20
2021-09-28,01,Schleswig-Holstein,01060,LK Segeberg,3,3,0,0,21,64,64,21
2021-09-29,01,Schleswig-Holstein,01060,LK Segeberg,3,3,0,0,30,55,55,30
2021-09-30,01,Schleswig-Holstein,01060,LK Segeberg,3,3,0,0,23,62,62,23
2021-10-01,01,Schleswig-Holstein,01060,LK Segeberg,3,3,0,0,24,56,56,24
2021-10-02,01,Schleswig-Holstein,01060,LK Segeberg,3,3,0,0,25,55,55,25
2021-10-03,01,Schleswig-Holstein,01060,LK Segeberg,3,3,0,0,27,53,53,27
2021-10-04,01,Schleswig-Holstein,01060,LK Segeberg,3,3,0,0,25,60,60,25
2021-10-05,01,Schleswig-Holstein,01060,LK Segeberg,3,3,0,0,24,61,61,24
2021-10-06,01,Schleswig-Holstein,01060,LK Segeberg,3,3,0,0,21,64,64,21
2021-10-07,01,Schleswig-Holstein,01060,LK Segeberg,3,3,1,0,19,66,66,19
2021-10-08,01,Schleswig-Holstein,01060,LK Segeberg,3,3,1,0,16,64,64,16
2021-10-09,01,Schleswig-Holstein,01060,LK Segeberg,3,3,1,0,33,47,47,33
2021-10-10,01,Schleswig-Holstein,01060,LK Segeberg,3,3,1,0,32,48,48,32
2021-10-11,01,Schleswig-Holstein,01060,LK Segeberg,3,3,1,0,25,60,60,25
2021-10-12,01,Schleswig-Holstein,01060,LK Segeberg,3,3,1,0,21,64,64,21
2021-10-13,01,Schleswig-Holstein,01060,LK Segeberg,3,3,1,1,22,63,63,22
2021-10-14,01,Schleswig-Holstein,01060,LK Segeberg,3,3,1,1,20,65,65,20
2021-10-15,01,Schleswig-Holstein,01060,LK Segeberg,3,3,1,1,23,57,57,23
2021-10-16,01,Schleswig-Holstein,01060,LK Segeberg,3,3,1,1,28,52,52,28
2021-10-17,01,Schleswig-Holstein,01060,LK Segeberg,3,3,1,1,26,54,54,26
2021-10-18,01,Schleswig-Holstein,01060,LK Segeberg,3,3,1,1,21,64,64,21
2021-10-19,01,Schleswig-Holstein,01060,LK Segeberg,3,3,0,0,22,63,63,22
2021-10-20,01,Schleswig-Holstein,01060,LK Segeberg,3,3,0,0,23,62,62,23
2021-10-21,01,Schleswig-Holstein,01060,LK Segeberg,3,3,0,0,21,64,64,21
2021-10-22,01,Schleswig-Holstein,01060,LK Segeberg,3,3,0,0,19,61,61,19
2021-10-23,01,Schleswig-Holstein,01060,LK Segeberg,3,3,1,0,25,55,55,25
2021-10-24,01,Schleswig-Holstein,01060,LK Segeberg,3,3,1,1,28,52,52,28
2021-10-25,01,Schleswig-Holstein,01060,LK Segeberg,3,3,1,1,25,60,60,25
2021-10-26,01,Schleswig-Holstein,01060,LK Segeberg,3,3,1,1,23,62,62,23
2021-10-27,01,Schleswig-Holstein,01060,LK Segeberg,3,3,1,0,27,58,58,27
2021-10-28,01,Schleswig-Holstein,01060,LK Segeberg,3,3,2,1,25,60,60,25
2021-10-29,01,Schleswig-Holstein,01060,LK Segeberg,3,3,2,1,27,53,53,27
2021-10-30,01,Schleswig-Holstein,01060,LK Segeberg,3,3,2,1,28,52,52,28
2021-10-31,01,Schleswig-Holstein,01060,LK Segeberg,3,3,2,1,28,52,52,28
2021-11-01,01,Schleswig-Holstein,01060,LK Segeberg,3,3,3,2,25,60,60,25
2021-11-02,01,Schleswig-Holstein,01060,LK Segeberg,3,3,3,1,19,66,66,19
2021-11-03,01,Schleswig-Holstein,01060,LK Segeberg,3,3,2,1,16,69,69,16
2021-11-04,01,Schleswig-Holstein,01060,LK Segeberg,3,3,1,1,15,70,70,15
2021-11-05,01,Schleswig-Holstein,01060,LK Segeberg,3,3,1,1,22,58,58,22
2021-11-06,01,Schleswig-Holstein,01060,LK Segeberg,3,3,1,1,30,50,50,30
2021-11-07,01,Schleswig-Holstein,01060,LK Segeberg,3,3,1,1,31,49,49,31
2021-11-08,01,Schleswig-Holstein,01060,LK Segeberg,3,3,1,1,22,63,63,22
2021-11-09,01,Schleswig-Holstein,01060,LK Segeberg,3,3,1,1,22,63,63,22
2021-11-10,01,Schleswig-Holstein,01060,LK Segeberg,3,3,1,1,27,58,58,27
2021-11-11,01,Schleswig-Holstein,01060,LK Segeberg,3,3,1,1,24,61,61,24
2021-11-12,01,Schleswig-Holstein,01060,LK Segeberg,3,3,1,1,24,56,56,24
2021-11-13,01,Schleswig-Holstein,01060,LK Segeberg,3,3,0,0,26,54,54,26
2021-11-14,01,Schleswig-Holstein,01060,LK Segeberg,3,3,2,1,28,52,52,28
2021-11-15,01,Schleswig-Holstein,01060,LK Segeberg,3,3,2,1,18,67,67,18
2021-11-16,01,Schleswig-Holstein,01060,LK Segeberg,3,3,2,2,19,66,66,19
2021-11-17,01,Schleswig-Holstein,01060,LK Segeberg,3,3,2,2,26,59,59,26
2021-11-18,01,Schleswig-Holstein,01060,LK Segeberg,3,3,4,2,27,58,58,27
2021-11-19,01,Schleswig-Holstein,01060,LK Segeberg,3,3,4,2,25,55,55,25
2021-11-20,01,Schleswig-Holstein,01060,LK Segeberg,3,3,4,2,24,56,56,24
2021-11-21,01,Schleswig-Holstein,01060,LK Segeberg,3,3,4,2,32,48,48,32
2021-11-22,01,Schleswig-Holstein,01060,LK Segeberg,3,3,4,2,20,65,65,20
2021-11-23,01,Schleswig-Holstein,01060,LK Segeberg,3,3,3,2,23,62,62,23
2021-11-24,01,Schleswig-Holstein,01060,LK Segeberg,3,3,4,3,22,63,63,22
2021-11-25,01,Schleswig-Holstein,01060,LK Segeberg,3,3,3,1,21,64,64,21
2021-11-26,01,Schleswig-Holstein,01060,LK Segeberg,3,3,2,1,15,65,65,15
2021-11-27,01,Schleswig-Holstein,01060,LK Segeberg,3,3,2,2,20,60,60,20
2021-11-28,01,Schleswig-Holstein,01060,LK Segeberg,3,3,3,2,22,58,58,22
2021-11-29,01,Schleswig-Holstein,01060,LK Segeberg,3,3,3,2,17,68,68,17
2021-11-30,01,Schleswig-Holstein,01060,LK Segeberg,3,3,3,2,20,65,65,20
2021-12-01,01,Schleswig-Holstein,01060,LK Segeberg,3,3,2,1,18,67,67,18
2021-12-02,01,Schleswig-Holstein,01060,LK Segeberg,3,3,2,1,18,67,67,18
2021-12-03,01,Schleswig-Holstein,01060,LK Segeberg,3,3,2,1,24,56,56,24
2021-12-04,01,Schleswig-Holstein,01060,LK Segeberg,3,3,3,1,23,57,57,23
2021-12-05,01,Schleswig-Holstein,01060,LK Segeberg,3,3,3,2,23,57,57,23
2021-12-06,01,Schleswig-Holstein,01060,LK Segeberg,3,3,2,2,21,64,64,21
2021-12-07,01,Schleswig-Holstein,01060,LK Segeberg,3,3,2,2,24,61,61,24
2021-12-08,01,Schleswig-Holstein,01060,LK Segeberg,3,3,2,2,18,67,67,18
2021-12-09,01,Schleswig-Holstein,01060,LK Segeberg,3,3,2,2,27,58,58,27
2021-12-10,01,Schleswig-Holstein,01060,LK Segeberg,3,3,1,0,28,52,52,28
2021-12-11,01,Schleswig-Holstein,01060,LK Segeberg,3,3,0,0,29,51,51,29
2021-12-12,01,Schleswig-Holstein,01060,LK Segeberg,3,3,0,0,26,54,54,26
2021-12-13,01,Schleswig-Holstein,01060,LK Segeberg,3,3,1,0,22,63,63,22
2021-12-14,01,Schleswig-Holstein,01060,LK Segeberg,3,3,1,0,27,58,58,27
2021-12-15,01,Schleswig-Holstein,01060,LK Segeberg,3,3,3,0,25,60,60,25
2021-12-16,01,Schleswig-Holstein,01060,LK Segeberg,3,3,2,0,23,62,62,23
2021-12-17,01,Schleswig-Holstein,01060,LK Segeberg,3,3,2,0,24,56,56,24
2021-12-18,01,Schleswig-Holstein,01060,LK Segeberg,3,3,3,1,27,53,53,27
2021-12-19,01,Schleswig-Holstein,01060,LK Segeberg,3,3,4,1,25,55,55,25
2021-12-20,01,Schleswig-Holstein,01060,LK Segeberg,3,3,4,1,22,58,58,22
2021-12-21,01,Schleswig-Holstein,01060,LK Segeberg,3,3,4,1,22,58,58,22
2021-12-22,01,Schleswig-Holstein,01060,LK Segeberg,3,3,4,1,21,59,59,21
2021-12-23,01,Schleswig-Holstein,01060,LK Segeberg,3,3,5,1,25,52,52,25
2021-12-24,01,Schleswig-Holstein,01060,LK Segeberg,3,3,5,1,21,55,55,21
2021-12-25,01,Schleswig-Holstein,01060,LK Segeberg,3,3,5,3,21,55,55,21
2021-12-26,01,Schleswig-Holstein,01060,LK Segeberg,3,3,4,3,21,55,55,21
2021-12-27,01,Schleswig-Holstein,01060,LK Segeberg,3,3,4,4,21,55,55,21
2021-12-28,01,Schleswig-Holstein,01060,LK Segeberg,3,3,4,4,19,57,57,19
2021-12-29,01,Schleswig-Holstein,01060,LK Segeberg,3,3,4,4,15,61,61,15
2021-12-30,01,Schleswig-Holstein,01060,LK Segeberg,3,3,5,4,17,59,59,17
2021-12-31,01,Schleswig-Holstein,01060,LK Segeberg,3,3,5,4,24,52,52,24
2022-01-01,01,Schleswig-Holstein,01060,LK Segeberg,3,3,5,4,24,52,52,24
2022-01-02,01,Schleswig-Holstein,01060,LK Segeberg,3,3,5,4,25,51,51,25
2022-01-03,01,Schleswig-Holstein,01060,LK Segeberg,3,3,5,4,25,60,60,25
2022-01-04,01,Schleswig-Holstein,01060,LK Segeberg,3,3,5,3,24,61,61,24
2022-01-05,01,Schleswig-Holstein,01060,LK Segeberg,3,3,5,4,23,62,62,23
2022-01-06,01,Schleswig-Holstein,01060,LK Segeberg,3,3,4,4,17,69,69,17
2022-01-07,01,Schleswig-Holstein,01060,LK Segeberg,3,3,5,4,27,53,53,27
2022-01-08,01,Schleswig-Holstein,01060,LK Segeberg,3,3,5,4,34,47,47,34
2022-01-09,01,Schleswig-Holstein,01060,LK Segeberg,3,3,5,5,30,51,51,30
2022-01-10,01,Schleswig-Holstein,01060,LK Segeberg,3,3,5,5,20,66,66,20
2022-01-11,01,Schleswig-Holstein,01060,LK Segeberg,3,3,5,5,19,67,67,19
2022-01-12,01,Schleswig-Holstein,01060,LK Segeberg,3,3,4,4,27,59,59,27
2022-01-13,01,Schleswig-Holstein,01060,LK Segeberg,3,3,4,4,21,65,65,21
2022-01-14,01,Schleswig-Holstein,01060,LK Segeberg,3,3,4,4,22,59,59,22
2022-01-15,01,Schleswig-Holstein,01060,LK Segeberg,3,3,4,4,26,55,55,26
2022-01-16,01,Schleswig-Holstein,01060,LK Segeberg,3,3,4,4,27,54,54,27
2022-01-17,01,Schleswig-Holstein,01060,LK Segeberg,3,3,3,3,24,62,62,24
2022-01-18,01,Schleswig-Holstein,01060,LK Segeberg,3,3,3,3,18,68,68,18
2022-01-19,01,Schleswig-Holstein,01060,LK Segeberg,3,3,4,4,19,67,67,19
2022-01-20,01,Schleswig-Holstein,01060,LK Segeberg,3,3,4,4,17,69,69,17
2022-01-21,01,Schleswig-Holstein,01060,LK Segeberg,3,3,3,3,25,56,56,25
2022-01-22,01,Schleswig-Holstein,01060,LK Segeberg,3,3,4,3,29,52,52,29
2022-01-23,01,Schleswig-Holstein,01060,LK Segeberg,3,3,4,3,23,58,58,23
2022-01-24,01,Schleswig-Holstein,01060,LK Segeberg,3,3,4,3,24,62,62,24
2022-01-25,01,Schleswig-Holstein,01060,LK Segeberg,3,3,4,3,20,66,66,20
2022-01-26,01,Schleswig-Holstein,01060,LK Segeberg,3,3,3,2,22,64,64,22
2022-01-27,01,Schleswig-Holstein,01060,LK Segeberg,3,3,2,2,20,66,66,20
2022-01-28,01,Schleswig-Holstein,01060,LK Segeberg,3,3,2,2,18,63,63,18
2022-01-29,01,Schleswig-Holstein,01060,LK Segeberg,3,3,0,0,25,56,56,25
2022-01-30,01,Schleswig-Holstein,01060,LK Segeberg,3,3,1,0,22,59,59,22
2022-01-31,01,Schleswig-Holstein,01060,LK Segeberg,3,3,1,0,19,67,67,19
2022-02-01,01,Schleswig-Holstein,01060,LK Segeberg,3,3,0,0,18,68,68,18
2022-02-02,01,Schleswig-Holstein,01060,LK Segeberg,3,3,1,0,25,61,61,25
2022-02-03,01,Schleswig-Holstein,01060,LK Segeberg,3,3,1,0,19,67,67,19
2022-02-04,01,Schleswig-Holstein,01060,LK Segeberg,3,3,3,0,17,64,64,17
2022-02-05,01,Schleswig-Holstein,01060,LK Segeberg,3,3,2,0,21,60,60,21
2022-02-06,01,Schleswig-Holstein,01060,LK Segeberg,3,3,2,0,26,55,55,26
2022-02-07,01,Schleswig-Holstein,01060,LK Segeberg,3,3,1,0,20,66,66,20
2022-02-08,01,Schleswig-Holstein,01060,LK Segeberg,3,3,0,0,25,61,61,25
2022-02-09,01,Schleswig-Holstein,01060,LK Segeberg,3,3,0,0,22,64,64,22
2022-02-10,01,Schleswig-Holstein,01060,LK Segeberg,3,3,1,1,24,62,62,24
2022-02-11,01,Schleswig-Holstein,01060,LK Segeberg,3,3,1,1,21,60,60,21
2022-02-12,01,Schleswig-Holstein,01060,LK Segeberg,3,3,2,1,29,52,52,29
2022-02-13,01,Schleswig-Holstein,01060,LK Segeberg,3,3,1,1,30,51,51,30
2022-02-14,01,Schleswig-Holstein,01060,LK Segeberg,3,3,1,1,20,66,66,20
2022-02-15,01,Schleswig-Holstein,01060,LK Segeberg,3,3,1,1,17,65,65,17
2022-02-16,01,Schleswig-Holstein,01060,LK Segeberg,3,3,1,1,22,60,60,22
2022-02-17,01,Schleswig-Holstein,01060,LK Segeberg,3,3,2,1,20,62,62,20
2022-02-18,01,Schleswig-Holstein,01060,LK Segeberg,3,3,2,2,23,58,58,23
2022-02-19,01,Schleswig-Holstein,01060,LK Segeberg,3,3,3,2,23,58,58,23
2022-02-20,01,Schleswig-Holstein,01060,LK Segeberg,3,3,2,2,25,56,56,25
2022-02-21,01,Schleswig-Holstein,01060,LK Segeberg,3,3,2,2,21,61,61,21
2022-02-22,01,Schleswig-Holstein,01060,LK Segeberg,3,3,2,1,18,68,68,18
2022-02-23,01,Schleswig-Holstein,01060,LK Segeberg,3,3,5,1,24,62,62,24
2022-02-24,01,Schleswig-Holstein,01060,LK Segeberg,3,3,2,2,25,61,61,25
2022-02-25,01,Schleswig-Holstein,01060,LK Segeberg,3,3,2,2,19,62,62,19
2022-02-26,01,Schleswig-Holstein,01060,LK Segeberg,3,3,3,2,25,56,56,25
2022-02-27,01,Schleswig-Holstein,01060,LK Segeberg,3,3,3,2,26,55,55,26
2022-02-28,01,Schleswig-Holstein,01060,LK Segeberg,3,3,2,2,23,63,63,23
2022-03-01,01,Schleswig-Holstein,01060,LK Segeberg,3,3,2,2,19,67,67,19
2022-03-02,01,Schleswig-Holstein,01060,LK Segeberg,3,3,2,2,24,62,62,24
2022-03-03,01,Schleswig-Holstein,01060,LK Segeberg,3,3,2,0,16,70,70,16
2022-03-04,01,Schleswig-Holstein,01060,LK Segeberg,3,3,2,0,19,62,62,19
2022-03-05,01,Schleswig-Holstein,01060,LK Segeberg,3,3,3,0,22,59,59,22
2022-03-06,01,Schleswig-Holstein,01060,LK Segeberg,3,3,2,0,26,55,55,26
2022-03-07,01,Schleswig-Holstein,01060,LK Segeberg,3,3,2,0,17,64,64,17
2022-03-08,01,Schleswig-Holstein,01060,LK Segeberg,3,3,1,0,22,59,59,22
2022-03-09,01,Schleswig-Holstein,01060,LK Segeberg,3,3,1,0,19,62,62,19
2022-03-10,01,Schleswig-Holstein,01060,LK Segeberg,3,3,1,0,15,66,66,15
2022-03-11,01,Schleswig-Holstein,01060,LK Segeberg,3,3,2,0,27,54,54,27
2022-03-12,01,Schleswig-Holstein,01060,LK Segeberg,3,3,3,0,29,52,52,29
2022-03-13,01,Schleswig-Holstein,01060,LK Segeberg,3,3,4,1,31,50,50,31
2022-03-14,01,Schleswig-Holstein,01060,LK Segeberg,3,3,6,1,22,64,64,22
2022-03-15,01,Schleswig-Holstein,01060,LK Segeberg,3,3,5,1,22,64,64,22
2022-03-16,01,Schleswig-Holstein,01060,LK Segeberg,3,3,3,2,25,61,61,25
2022-03-17,01,Schleswig-Holstein,01060,LK Segeberg,3,3,4,3,23,62,62,23
2022-03-18,01,Schleswig-Holstein,01060,LK Segeberg,3,3,3,0,24,57,57,24
2022-03-19,01,Schleswig-Holstein,01060,LK Segeberg,3,3,4,2,24,57,57,24
2022-03-20,01,Schleswig-Holstein,01060,LK Segeberg,3,3,5,3,26,55,55,26
2022-03-21,01,Schleswig-Holstein,01060,LK Segeberg,3,3,4,3,20,61,61,20
2022-03-22,01,Schleswig-Holstein,01060,LK Segeberg,3,3,5,4,16,65,65,16
2022-03-23,01,Schleswig-Holstein,01060,LK Segeberg,3,3,4,3,18,63,63,18
2022-03-24,01,Schleswig-Holstein,01060,LK Segeberg,3,3,3,2,22,59,59,22
2022-03-25,01,Schleswig-Holstein,01060,LK Segeberg,3,3,2,2,18,63,63,18
2022-03-26,01,Schleswig-Holstein,01060,LK Segeberg,3,3,1,1,17,64,64,17
2022-03-27,01,Schleswig-Holstein,01060,LK Segeberg,3,3,1,1,26,55,55,26
2022-03-28,01,Schleswig-Holstein,01060,LK Segeberg,3,3,1,1,15,71,71,15
2022-03-29,01,Schleswig-Holstein,01060,LK Segeberg,3,3,1,1,16,70,70,16
2022-03-30,01,Schleswig-Holstein,01060,LK Segeberg,3,3,3,2,19,67,67,19
2022-03-31,01,Schleswig-Holstein,01060,LK Segeberg,3,3,2,2,20,66,66,20
2022-04-01,01,Schleswig-Holstein,01060,LK Segeberg,3,3,2,2,18,59,59,18
2022-04-02,01,Schleswig-Holstein,01060,LK Segeberg,3,3,1,1,21,56,56,21
2022-04-03,01,Schleswig-Holstein,01060,LK Segeberg,3,3,1,1,26,55,55,26
2022-04-04,01,Schleswig-Holstein,01060,LK Segeberg,3,3,1,1,21,65,65,21
2022-04-05,01,Schleswig-Holstein,01060,LK Segeberg,3,3,2,1,21,65,65,21
2022-04-06,01,Schleswig-Holstein,01060,LK Segeberg,3,3,1,1,18,68,68,18
2022-04-07,01,Schleswig-Holstein,01060,LK Segeberg,3,3,1,1,12,71,71,12
2022-04-08,01,Schleswig-Holstein,01060,LK Segeberg,3,3,1,1,14,67,67,14
2022-04-09,01,Schleswig-Holstein,01060,LK Segeberg,3,3,2,2,22,59,59,22
2022-04-10,01,Schleswig-Holstein,01060,LK Segeberg,3,3,2,2,23,58,58,23
2022-04-11,01,Schleswig-Holstein,01060,LK Segeberg,3,3,5,4,16,70,70,16
2022-04-12,01,Schleswig-Holstein,01060,LK Segeberg,3,3,4,3,16,70,70,16
2022-04-13,01,Schleswig-Holstein,01060,LK Segeberg,3,3,2,1,17,69,69,17
2022-04-14,01,Schleswig-Holstein,01060,LK Segeberg,3,3,3,2,14,72,72,14
2022-04-15,01,Schleswig-Holstein,01060,LK Segeberg,3,3,3,3,21,60,60,21
2022-04-16,01,Schleswig-Holstein,01060,LK Segeberg,3,3,3,3,22,59,59,22
2022-04-17,01,Schleswig-Holstein,01060,LK Segeberg,3,3,3,2,24,57,57,24
2022-04-18,01,Schleswig-Holstein,01060,LK Segeberg,3,3,3,1,25,56,56,25
2022-04-19,01,Schleswig-Holstein,01060,LK Segeberg,3,3,4,1,24,62,62,24
2022-04-20,01,Schleswig-Holstein,01060,LK Segeberg,3,3,3,1,17,69,69,17
2022-04-21,01,Schleswig-Holstein,01060,LK Segeberg,3,3,1,1,20,66,66,20
2022-04-22,01,Schleswig-Holstein,01060,LK Segeberg,3,3,0,0,24,57,57,24
2022-04-23,01,Schleswig-Holstein,01060,LK Segeberg,3,3,0,0,24,57,57,24
2022-04-24,01,Schleswig-Holstein,01060,LK Segeberg,3,3,0,0,23,58,58,23
2022-04-25,01,Schleswig-Holstein,01060,LK Segeberg,3,3,2,0,17,69,69,17
2022-04-26,01,Schleswig-Holstein,01060,LK Segeberg,3,3,3,2,21,65,65,21
2022-04-27,01,Schleswig-Holstein,01060,LK Segeberg,3,3,2,2,21,65,65,21
2022-04-28,01,Schleswig-Holstein,01060,LK Segeberg,3,3,2,2,23,63,63,23
2022-04-29,01,Schleswig-Holstein,01060,LK Segeberg,3,3,1,1,22,59,59,22
2022-04-30,01,Schleswig-Holstein,01060,LK Segeberg,3,3,1,1,24,57,57,24
2022-05-01,01,Schleswig-Holstein,01060,LK Segeberg,3,3,1,1,24,57,57,24
2022-05-02,01,Schleswig-Holstein,01060,LK Segeberg,3,3,1,1,24,57,57,24
2022-05-03,01,Schleswig-Holstein,01060,LK Segeberg,3,3,1,1,25,61,61,25
2022-05-04,01,Schleswig-Holstein,01060,LK Segeberg,3,3,2,2,21,65,65,21
2022-05-05,01,Schleswig-Holstein,01060,LK Segeberg,3,3,3,3,20,66,66,20
2022-05-06,01,Schleswig-Holstein,01060,LK Segeberg,3,3,2,2,19,62,62,19
2022-05-07,01,Schleswig-Holstein,01060,LK Segeberg,3,3,1,1,27,54,54,27
2022-05-08,01,Schleswig-Holstein,01060,LK Segeberg,3,3,2,1,29,52,52,29
2022-05-09,01,Schleswig-Holstein,01060,LK Segeberg,3,3,2,1,27,59,59,27
2022-05-10,01,Schleswig-Holstein,01060,LK Segeberg,3,3,2,1,20,66,66,20
2022-05-11,01,Schleswig-Holstein,01060,LK Segeberg,3,3,2,1,19,67,67,19
2022-05-12,01,Schleswig-Holstein,01060,LK Segeberg,3,3,4,1,16,70,70,16
2022-05-13,01,Schleswig-Holstein,01060,LK Segeberg,3,3,4,1,21,60,60,21
2022-05-14,01,Schleswig-Holstein,01060,LK Segeberg,3,3,3,1,26,55,55,26
2022-05-15,01,Schleswig-Holstein,01060,LK Segeberg,3,3,2,1,27,54,54,27
2022-05-16,01,Schleswig-Holstein,01060,LK Segeberg,3,3,2,1,23,63,63,23
2022-05-17,01,Schleswig-Holstein,01060,LK Segeberg,3,3,2,1,21,65,65,21
2022-05-18,01,Schleswig-Holstein,01060,LK Segeberg,3,3,2,1,26,60,60,26
2022-05-19,01,Schleswig-Holstein,01060,LK Segeberg,3,3,1,1,26,60,60,26
2022-05-20,01,Schleswig-Holstein,01060,LK Segeberg,3,3,1,1,26,55,55,26
2022-05-21,01,Schleswig-Holstein,01060,LK Segeberg,3,3,1,1,23,58,58,23
2022-05-22,01,Schleswig-Holstein,01060,LK Segeberg,3,3,1,1,26,55,55,26
2022-05-23,01,Schleswig-Holstein,01060,LK Segeberg,3,3,2,1,25,61,61,25
2022-05-24,01,Schleswig-Holstein,01060,LK Segeberg,3,3,3,1,23,63,63,23
2022-05-25,01,Schleswig-Holstein,01060,LK Segeberg,3,3,2,1,28,58,58,28
2022-05-26,01,Schleswig-Holstein,01060,LK Segeberg,3,3,2,1,23,58,58,23
2022-05-27,01,Schleswig-Holstein,01060,LK Segeberg,3,3,2,1,29,52,52,29
2022-05-28,01,Schleswig-Holstein,01060,LK Segeberg,3,3,2,1,25,56,56,25
2022-05-29,01,Schleswig-Holstein,01060,LK Segeberg,3,3,2,1,24,57,57,24
2022-05-30,01,Schleswig-Holstein,01060,LK Segeberg,3,3,1,1,24,62,62,24
2022-05-31,01,Schleswig-Holstein,01060,LK Segeberg,3,3,1,1,16,70,70,16
2022-06-01,01,Schleswig-Holstein,01060,LK Segeberg,3,3,1,1,28,58,58,28
2022-06-02,01,Schleswig-Holstein,01060,LK Segeberg,3,3,1,1,22,64,64,22
2022-06-03,01,Schleswig-Holstein,01060,LK Segeberg,3,3,1,1,24,57,57,24
2022-06-04,01,Schleswig-Holstein,01060,LK Segeberg,3,3,1,1,31,50,50,31
2022-06-05,01,Schleswig-Holstein,01060,LK Segeberg,3,3,1,1,29,52,52,29
2022-06-06,01,Schleswig-Holstein,01060,LK Segeberg,3,3,1,1,25,56,56,25
2022-06-07,01,Schleswig-Holstein,01060,LK Segeberg,3,3,1,1,23,63,63,23
2022-06-08,01,Schleswig-Holstein,01060,LK Segeberg,3,3,1,1,26,60,60,26
2022-06-09,01,Schleswig-Holstein,01060,LK Segeberg,3,3,1,1,21,65,65,21
2022-06-10,01,Schleswig-Holstein,01060,LK Segeberg,3,3,1,1,24,57,57,24
2022-06-11,01,Schleswig-Holstein,01060,LK Segeberg,3,3,1,1,26,55,55,26
2022-06-12,01,Schleswig-Holstein,01060,LK Segeberg,3,3,1,1,27,54,54,27
2022-06-13,01,Schleswig-Holstein,01060,LK Segeberg,3,3,1,1,23,63,63,23
2022-06-14,01,Schleswig-Holstein,01060,LK Segeberg,3,3,2,1,20,66,66,20
2022-06-15,01,Schleswig-Holstein,01060,LK Segeberg,3,3,2,1,22,64,64,22
2022-06-16,01,Schleswig-Holstein,01060,LK Segeberg,3,3,1,1,21,65,65,21
2022-06-17,01,Schleswig-Holstein,01060,LK Segeberg,3,3,1,1,25,56,56,25
2022-06-18,01,Schleswig-Holstein,01060,LK Segeberg,3,3,1,1,28,53,53,28
2022-06-19,01,Schleswig-Holstein,01060,LK Segeberg,3,3,1,1,25,56,56,25
2022-06-20,01,Schleswig-Holstein,01060,LK Segeberg,3,3,2,1,17,69,69,17
2022-06-21,01,Schleswig-Holstein,01060,LK Segeberg,3,3,3,1,21,65,65,21
2022-06-22,01,Schleswig-Holstein,01060,LK Segeberg,3,3,1,1,20,66,66,20
2022-06-23,01,Schleswig-Holstein,01060,LK Segeberg,3,3,1,1,20,66,66,20
2022-06-24,01,Schleswig-Holstein,01060,LK Segeberg,3,3,1,1,18,63,63,18
2022-06-25,01,Schleswig-Holstein,01060,LK Segeberg,3,3,2,1,22,59,59,22
2022-06-26,01,Schleswig-Holstein,01060,LK Segeberg,3,3,1,1,25,56,56,25
2022-06-27,01,Schleswig-Holstein,01060,LK Segeberg,3,3,1,1,21,64,64,21
2022-06-28,01,Schleswig-Holstein,01060,LK Segeberg,3,3,4,1,15,70,70,15
2022-06-29,01,Schleswig-Holstein,01060,LK Segeberg,3,3,3,1,22,64,64,22
2022-06-30,01,Schleswig-Holstein,01060,LK Segeberg,3,3,3,1,19,61,61,19
2022-07-01,01,Schleswig-Holstein,01060,LK Segeberg,3,3,4,1,22,55,55,22
2022-07-02,01,Schleswig-Holstein,01060,LK Segeberg,3,3,3,1,26,51,51,26
2022-07-03,01,Schleswig-Holstein,01060,LK Segeberg,3,3,2,1,22,53,53,22
2022-07-04,01,Schleswig-Holstein,01060,LK Segeberg,3,3,1,1,23,61,61,23
2022-07-05,01,Schleswig-Holstein,01060,LK Segeberg,3,3,2,2,19,65,65,19
2022-07-06,01,Schleswig-Holstein,01060,LK Segeberg,3,3,2,2,17,67,67,17
2022-07-07,01,Schleswig-Holstein,01060,LK Segeberg,3,3,1,1,22,62,62,22
2022-07-08,01,Schleswig-Holstein,01060,LK Segeberg,3,3,1,1,25,54,54,25
2022-07-09,01,Schleswig-Holstein,01060,LK Segeberg,3,3,1,1,26,53,53,26
2022-07-10,01,Schleswig-Holstein,01060,LK Segeberg,3,3,1,1,24,55,55,24
2022-07-11,01,Schleswig-Holstein,01060,LK Segeberg,3,3,2,2,19,65,65,19
2022-07-12,01,Schleswig-Holstein,01060,LK Segeberg,3,3,2,2,21,63,63,21
2022-07-13,01,Schleswig-Holstein,01060,LK Segeberg,3,3,3,2,23,61,61,23
2022-07-14,01,Schleswig-Holstein,01060,LK Segeberg,3,3,4,2,19,65,65,19
2022-07-15,01,Schleswig-Holstein,01060,LK Segeberg,3,3,4,2,19,60,60,19
2022-07-16,01,Schleswig-Holstein,01060,LK Segeberg,3,3,4,2,20,59,59,20
2022-07-17,01,Schleswig-Holstein,01060,LK Segeberg,3,3,5,2,23,56,56,23
2022-07-18,01,Schleswig-Holstein,01060,LK Segeberg,3,3,4,2,22,62,62,22
2022-07-19,01,Schleswig-Holstein,01060,LK Segeberg,3,3,2,1,26,58,58,26
2022-07-20,01,Schleswig-Holstein,01060,LK Segeberg,3,3,1,1,28,56,56,28
2022-07-21,01,Schleswig-Holstein,01060,LK Segeberg,3,3,2,1,19,65,65,19
2022-07-22,01,Schleswig-Holstein,01060,LK Segeberg,3,3,3,1,16,63,63,16
2022-07-23,01,Schleswig-Holstein,01060,LK Segeberg,3,3,5,1,22,57,57,22
2022-07-24,01,Schleswig-Holstein,01060,LK Segeberg,3,3,3,1,21,58,58,21
2022-07-25,01,Schleswig-Holstein,01060,LK Segeberg,3,3,4,1,14,70,70,14
2022-07-26,01,Schleswig-Holstein,01060,LK Segeberg,3,3,2,1,21,63,63,21
2022-07-27,01,Schleswig-Holstein,01060,LK Segeberg,3,3,2,1,26,58,58,26
2022-07-28,01,Schleswig-Holstein,01060,LK Segeberg,3,3,3,1,25,59,59,25
2022-07-29,01,Schleswig-Holstein,01060,LK Segeberg,3,3,1,1,27,57,57,27
2022-07-30,01,Schleswig-Holstein,01060,LK Segeberg,3,3,1,1,26,53,53,26
2022-07-31,01,Schleswig-Holstein,01060,LK Segeberg,3,3,2,1,29,50,50,29
2022-08-01,01,Schleswig-Holstein,01060,LK Segeberg,3,3,2,1,31,53,53,31
2022-08-02,01,Schleswig-Holstein,01060,LK Segeberg,3,3,1,1,24,60,60,24
2022-08-03,01,Schleswig-Holstein,01060,LK Segeberg,3,3,1,1,23,61,61,23
2022-08-04,01,Schleswig-Holstein,01060,LK Segeberg,3,3,1,1,16,68,68,16
2022-08-05,01,Schleswig-Holstein,01060,LK Segeberg,3,3,2,2,20,59,59,20
2022-08-06,01,Schleswig-Holstein,01060,LK Segeberg,3,3,2,2,23,56,56,23
2022-08-07,01,Schleswig-Holstein,01060,LK Segeberg,3,3,2,2,27,52,52,27
2022-08-08,01,Schleswig-Holstein,01060,LK Segeberg,3,3,2,1,17,67,67,17
2022-08-09,01,Schleswig-Holstein,01060,LK Segeberg,3,3,1,0,13,65,65,13
2022-08-10,01,Schleswig-Holstein,01060,LK Segeberg,3,3,0,0,16,62,62,16
2022-08-11,01,Schleswig-Holstein,01060,LK Segeberg,3,3,2,2,16,62,62,16
2022-08-12,01,Schleswig-Holstein,01060,LK Segeberg,3,3,2,2,21,54,54,21
2022-08-13,01,Schleswig-Holstein,01060,LK Segeberg,3,3,3,2,24,51,51,24
2022-08-14,01,Schleswig-Holstein,01060,LK Segeberg,3,3,3,2,25,50,50,25
2022-08-15,01,Schleswig-Holstein,01060,LK Segeberg,3,3,3,2,19,60,60,19
2022-08-16,01,Schleswig-Holstein,01060,LK Segeberg,3,3,3,2,16,63,63,16
2022-08-17,01,Schleswig-Holstein,01060,LK Segeberg,3,3,3,2,17,62,62,17
2022-08-18,01,Schleswig-Holstein,01060,LK Segeberg,3,3,3,2,18,61,61,18
2022-08-19,01,Schleswig-Holstein,01060,LK Segeberg,3,3,3,2,21,58,58,21
2022-08-20,01,Schleswig-Holstein,01060,LK Segeberg,3,3,2,2,22,57,57,22
2022-08-21,01,Schleswig-Holstein,01060,LK Segeberg,3,3,2,2,23,56,56,23
2022-08-22,01,Schleswig-Holstein,01060,LK Segeberg,3,3,2,2,20,64,64,20
2022-08-23,01,Schleswig-Holstein,01060,LK Segeberg,3,3,1,1,16,68,68,16
2022-08-24,01,Schleswig-Holstein,01060,LK Segeberg,3,3,1,1,28,56,56,28
2022-08-25,01,Schleswig-Holstein,01060,LK Segeberg,3,3,1,1,16,68,68,16
2022-08-26,01,Schleswig-Holstein,01060,LK Segeberg,3,3,3,2,20,59,59,20
2022-08-27,01,Schleswig-Holstein,01060,LK Segeberg,3,3,3,2,21,58,58,21
2022-08-28,01,Schleswig-Holstein,01060,LK Segeberg,3,3,3,2,27,52,52,27
2022-08-29,01,Schleswig-Holstein,01060,LK Segeberg,3,3,3,2,24,60,60,24
2022-08-30,01,Schleswig-Holstein,01060,LK Segeberg,3,3,3,2,23,61,61,23
2022-08-31,01,Schleswig-Holstein,01060,LK Segeberg,3,3,3,2,23,61,61,23
2022-09-01,01,Schleswig-Holstein,01060,LK Segeberg,3,3,3,1,18,66,66,18
2022-09-02,01,Schleswig-Holstein,01060,LK Segeberg,3,3,3,1,19,60,60,19
2022-09-03,01,Schleswig-Holstein,01060,LK Segeberg,3,3,3,1,22,57,57,22
2022-09-04,01,Schleswig-Holstein,01060,LK Segeberg,3,3,3,1,21,58,58,21
2022-09-05,01,Schleswig-Holstein,01060,LK Segeberg,3,3,3,1,20,64,64,20
2022-09-06,01,Schleswig-Holstein,01060,LK Segeberg,3,3,1,1,22,62,62,22
2022-09-07,01,Schleswig-Holstein,01060,LK Segeberg,3,3,1,1,24,60,60,24
2022-09-08,01,Schleswig-Holstein,01060,LK Segeberg,3,3,1,1,23,61,61,23
2022-09-09,01,Schleswig-Holstein,01060,LK Segeberg,3,3,1,1,20,59,59,20
2022-09-10,01,Schleswig-Holstein,01060,LK Segeberg,3,3,1,1,26,53,53,26
2022-09-11,01,Schleswig-Holstein,01060,LK Segeberg,3,3,1,1,30,49,49,30
2022-09-12,01,Schleswig-Holstein,01060,LK Segeberg,3,3,1,1,22,62,62,22
2022-09-13,01,Schleswig-Holstein,01060,LK Segeberg,3,3,2,1,22,62,62,22
2022-09-14,01,Schleswig-Holstein,01060,LK Segeberg,3,3,2,1,21,63,63,21
2022-09-15,01,Schleswig-Holstein,01060,LK Segeberg,3,3,2,1,19,65,65,19
2022-09-16,01,Schleswig-Holstein,01060,LK Segeberg,3,3,2,1,27,52,52,27
2022-09-17,01,Schleswig-Holstein,01060,LK Segeberg,3,3,3,1,26,53,53,26
2022-09-18,01,Schleswig-Holstein,01060,LK Segeberg,3,3,3,1,26,53,53,26
2022-09-19,01,Schleswig-Holstein,01060,LK Segeberg,3,3,2,1,18,66,66,18
2022-09-20,01,Schleswig-Holstein,01060,LK Segeberg,3,3,2,1,19,65,65,19
2022-09-21,01,Schleswig-Holstein,01060,LK Segeberg,3,3,1,1,18,66,66,18
2022-09-22,01,Schleswig-Holstein,01060,LK Segeberg,3,3,1,1,21,63,63,21
2022-09-23,01,Schleswig-Holstein,01060,LK Segeberg,3,3,1,1,18,61,61,18
2022-09-24,01,Schleswig-Holstein,01060,LK Segeberg,3,3,1,1,32,47,47,32
2022-09-25,01,Schleswig-Holstein,01060,LK Segeberg,3,3,1,1,26,53,53,26
2022-09-26,01,Schleswig-Holstein,01060,LK Segeberg,3,3,2,2,18,66,66,18
2022-09-27,01,Schleswig-Holstein,01060,LK Segeberg,3,3,2,2,17,67,67,17
2022-09-28,01,Schleswig-Holstein,01060,LK Segeberg,3,3,2,2,22,62,62,22
2022-09-29,01,Schleswig-Holstein,01060,LK Segeberg,3,3,2,2,21,63,63,21
2022-09-30,01,Schleswig-Holstein,01060,LK Segeberg,3,3,2,2,15,64,64,15
2022-10-01,01,Schleswig-Holstein,01060,LK Segeberg,3,3,2,2,16,63,63,16
2022-10-02,01,Schleswig-Holstein,01060,LK Segeberg,3,3,5,5,15,64,64,15
2022-10-03,01,Schleswig-Holstein,01060,LK Segeberg,3,3,9,9,16,63,63,16
2022-10-04,01,Schleswig-Holstein,01060,LK Segeberg,3,3,11,9,11,73,73,11
2022-10-05,01,Schleswig-Holstein,01060,LK Segeberg,3,3,9,7,16,68,68,16
2022-10-06,01,Schleswig-Holstein,01060,LK Segeberg,3,3,9,7,16,68,68,16
2022-10-07,01,Schleswig-Holstein,01060,LK Segeberg,3,3,10,7,11,68,68,11
2022-10-08,01,Schleswig-Holstein,01060,LK Segeberg,3,3,10,7,15,64,64,15
2022-10-09,01,Schleswig-Holstein,01060,LK Segeberg,3,3,11,8,20,59,59,20
2022-10-10,01,Schleswig-Holstein,01060,LK Segeberg,3,3,10,7,11,73,73,11
2022-10-11,01,Schleswig-Holstein,01060,LK Segeberg,3,3,10,7,15,69,69,15
2022-10-12,01,Schleswig-Holstein,01060,LK Segeberg,3,3,13,7,16,68,68,16
2022-10-13,01,Schleswig-Holstein,01060,LK Segeberg,3,3,12,8,18,66,66,18
2022-10-14,01,Schleswig-Holstein,01060,LK Segeberg,3,3,11,8,16,63,63,16
2022-10-15,01,Schleswig-Holstein,01060,LK Segeberg,3,3,12,9,18,61,61,18
2022-10-16,01,Schleswig-Holstein,01060,LK Segeberg,3,3,12,9,15,64,64,15
2022-10-17,01,Schleswig-Holstein,01060,LK Segeberg,3,3,14,9,21,63,63,21
2022-10-18,01,Schleswig-Holstein,01060,LK Segeberg,3,3,14,9,9,75,75,9
2022-10-19,01,Schleswig-Holstein,01060,LK Segeberg,3,3,14,8,15,69,69,15
2022-10-20,01,Schleswig-Holstein,01060,LK Segeberg,3,3,14,8,9,75,75,9
2022-10-21,01,Schleswig-Holstein,01060,LK Segeberg,3,3,7,7,16,63,63,16
2022-10-22,01,Schleswig-Holstein,01060,LK Segeberg,3,3,8,7,16,63,63,16
2022-10-23,01,Schleswig-Holstein,01060,LK Segeberg,3,3,9,6,20,59,59,20
2022-10-24,01,Schleswig-Holstein,01060,LK Segeberg,3,3,7,5,20,64,64,20
2022-10-25,01,Schleswig-Holstein,01060,LK Segeberg,3,3,8,6,14,70,70,14
2022-10-26,01,Schleswig-Holstein,01060,LK Segeberg,3,3,6,3,19,65,65,19
2022-10-27,01,Schleswig-Holstein,01060,LK Segeberg,3,3,5,2,22,62,62,22
2022-10-28,01,Schleswig-Holstein,01060,LK Segeberg,3,3,4,2,14,70,70,14
2022-10-29,01,Schleswig-Holstein,01060,LK Segeberg,3,3,5,2,24,55,55,24
2022-10-30,01,Schleswig-Holstein,01060,LK Segeberg,3,3,4,2,22,57,57,22
2022-10-31,01,Schleswig-Holstein,01060,LK Segeberg,3,3,4,2,25,54,54,25
2022-11-01,01,Schleswig-Holstein,01060,LK Segeberg,3,3,3,2,12,72,72,12
2022-11-02,01,Schleswig-Holstein,01060,LK Segeberg,3,3,2,1,14,70,70,14
2022-11-03,01,Schleswig-Holstein,01060,LK Segeberg,3,3,2,2,15,69,69,15
2022-11-04,01,Schleswig-Holstein,01060,LK Segeberg,3,3,2,2,15,68,68,15
2022-11-05,01,Schleswig-Holstein,01060,LK Segeberg,3,3,1,1,16,63,63,16
2022-11-06,01,Schleswig-Holstein,01060,LK Segeberg,3,3,1,1,19,60,60,19
2022-11-07,01,Schleswig-Holstein,01060,LK Segeberg,3,3,0,0,17,67,67,17
2022-11-08,01,Schleswig-Holstein,01060,LK Segeberg,3,3,2,0,23,61,61,23
2022-11-09,01,Schleswig-Holstein,01060,LK Segeberg,3,3,2,0,22,61,61,22
2022-11-10,01,Schleswig-Holstein,01060,LK Segeberg,3,3,2,1,17,68,68,17
2022-11-11,01,Schleswig-Holstein,01060,LK Segeberg,3,3,1,0,20,61,61,20
2022-11-12,01,Schleswig-Holstein,01060,LK Segeberg,3,3,1,0,16,65,65,16
2022-11-13,01,Schleswig-Holstein,01060,LK Segeberg,3,3,1,0,19,62,62,19
2022-11-14,01,Schleswig-Holstein,01060,LK Segeberg,3,3,1,0,29,57,57,29
2022-11-15,01,Schleswig-Holstein,01060,LK Segeberg,3,3,1,0,21,65,65,21
2022-11-16,01,Schleswig-Holstein,01060,LK Segeberg,3,3,1,0,16,70,70,16
2022-11-17,01,Schleswig-Holstein,01060,LK Segeberg,3,3,0,0,19,67,67,19
2022-11-18,01,Schleswig-Holstein,01060,LK Segeberg,3,3,0,0,18,63,63,18
2022-11-19,01,Schleswig-Holstein,01060,LK Segeberg,3,3,0,0,24,57,57,24
2022-11-20,01,Schleswig-Holstein,01060,LK Segeberg,3,3,0,0,25,56,56,25
2022-11-21,01,Schleswig-Holstein,01060,LK Segeberg,3,3,0,0,19,67,67,19
2022-11-22,01,Schleswig-Holstein,01060,LK Segeberg,3,3,1,0,20,66,66,20
2022-11-23,01,Schleswig-Holstein,01060,LK Segeberg,3,3,0,0,22,64,64,22
2022-11-24,01,Schleswig-Holstein,01060,LK Segeberg,3,3,0,0,17,69,69,17
2022-11-25,01,Schleswig-Holstein,01060,LK Segeberg,3,3,0,0,20,61,61,20
2022-11-26,01,Schleswig-Holstein,01060,LK Segeberg,3,3,0,0,21,60,60,21
2022-11-27,01,Schleswig-Holstein,01060,LK Segeberg,3,3,0,0,28,53,53,28
2022-11-28,01,Schleswig-Holstein,01060,LK Segeberg,3,3,1,0,19,67,67,19
2022-11-29,01,Schleswig-Holstein,01060,LK Segeberg,3,3,1,0,16,70,70,16
2022-11-30,01,Schleswig-Holstein,01060,LK Segeberg,3,3,1,0,17,69,69,17
2022-12-01,01,Schleswig-Holstein,01060,LK Segeberg,3,3,3,1,15,71,71,15
2022-12-02,01,Schleswig-Holstein,01060,LK Segeberg,3,3,3,0,16,70,70,16
2022-12-03,01,Schleswig-Holstein,01060,LK Segeberg,3,3,2,0,19,62,62,19
2022-12-04,01,Schleswig-Holstein,01060,LK Segeberg,3,3,3,0,21,60,60,21
2022-12-05,01,Schleswig-Holstein,01060,LK Segeberg,3,3,5,1,18,68,68,18
2022-12-06,01,Schleswig-Holstein,01060,LK Segeberg,3,3,3,1,17,69,69,17
2022-12-07,01,Schleswig-Holstein,01060,LK Segeberg,3,3,3,1,21,65,65,21
2022-12-08,01,Schleswig-Holstein,01060,LK Segeberg,3,3,4,0,20,66,66,20
2022-12-09,01,Schleswig-Holstein,01060,LK Segeberg,3,3,2,0,21,60,60,21
2022-12-10,01,Schleswig-Holstein,01060,LK Segeberg,3,3,2,0,20,61,61,20
2022-12-11,01,Schleswig-Holstein,01060,LK Segeberg,3,3,2,0,25,56,56,25
2022-12-12,01,Schleswig-Holstein,01060,LK Segeberg,3,3,2,0,21,65,65,21
2022-12-13,01,Schleswig-Holstein,01060,LK Segeberg,3,3,2,0,15,71,71,15
2022-12-14,01,Schleswig-Holstein,01060,LK Segeberg,3,3,0,0,22,64,64,22
2022-12-15,01,Schleswig-Holstein,01060,LK Segeberg,3,3,1,1,16,70,70,16
2022-12-16,01,Schleswig-Holstein,01060,LK Segeberg,3,3,2,1,16,65,65,16
2022-12-17,01,Schleswig-Holstein,01060,LK Segeberg,3,3,4,0,14,67,67,14
2022-12-18,01,Schleswig-Holstein,01060,LK Segeberg,3,3,4,1,16,65,65,16
2022-12-19,01,Schleswig-Holstein,01060,LK Segeberg,3,3,5,1,15,71,71,15
2022-12-20,01,Schleswig-Holstein,01060,LK Segeberg,3,3,1,0,17,69,69,17
2022-12-21,01,Schleswig-Holstein,01060,LK Segeberg,3,3,3,0,14,67,67,14
2022-12-22,01,Schleswig-Holstein,01060,LK Segeberg,3,3,2,0,14,67,67,14
2022-12-23,01,Schleswig-Holstein,01060,LK Segeberg,3,3,3,0,17,64,64,17
2022-12-24,01,Schleswig-Holstein,01060,LK Segeberg,3,3,2,0,17,60,60,17
2022-12-25,01,Schleswig-Holstein,01060,LK Segeberg,3,3,1,0,15,62,62,15
2022-12-26,01,Schleswig-Holstein,01060,LK Segeberg,3,3,1,0,17,60,60,17
2022-12-27,01,Schleswig-Holstein,01060,LK Segeberg,3,3,4,2,14,63,63,14
2022-12-28,01,Schleswig-Holstein,01060,LK Segeberg,3,3,4,2,13,64,64,13
2022-12-29,01,Schleswig-Holstein,01060,LK Segeberg,3,3,3,1,11,66,66,11
2022-12-30,01,Schleswig-Holstein,01060,LK Segeberg,3,3,3,2,11,66,66,11
2022-12-31,01,Schleswig-Holstein,01060,LK Segeberg,3,3,2,2,16,61,61,16
2023-01-01,01,Schleswig-Holstein,01060,LK Segeberg,3,3,2,2,17,60,60,17
2023-01-02,01,Schleswig-Holstein,01060,LK Segeberg,3,3,2,2,18,68,68,18
2023-01-03,01,Schleswig-Holstein,01060,LK Segeberg,3,3,5,3,22,64,64,22
2023-01-04,01,Schleswig-Holstein,01060,LK Segeberg,3,3,5,4,19,67,67,19
2023-01-05,01,Schleswig-Holstein,01060,LK Segeberg,3,3,5,2,20,66,66,20
2023-01-06,01,Schleswig-Holstein,01060,LK Segeberg,3,3,6,3,20,61,61,20
2023-01-07,01,Schleswig-Holstein,01060,LK Segeberg,3,3,6,3,24,57,57,24
2023-01-08,01,Schleswig-Holstein,01060,LK Segeberg,3,3,5,3,26,55,55,26
2023-01-09,01,Schleswig-Holstein,01060,LK Segeberg,3,3,4,2,20,66,66,20
2023-01-10,01,Schleswig-Holstein,01060,LK Segeberg,3,3,3,2,14,72,72,14
2023-01-11,01,Schleswig-Holstein,01060,LK Segeberg,3,3,3,2,21,65,65,21
2023-01-12,01,Schleswig-Holstein,01060,LK Segeberg,3,3,1,1,22,64,64,22
2023-01-13,01,Schleswig-Holstein,01060,LK Segeberg,3,3,3,2,16,65,65,16
2023-01-14,01,Schleswig-Holstein,01060,LK Segeberg,3,3,1,0,26,55,55,26
2023-01-15,01,Schleswig-Holstein,01060,LK Segeberg,3,3,1,0,24,57,57,24
2023-01-16,01,Schleswig-Holstein,01060,LK Segeberg,3,3,1,0,21,65,65,21
2023-01-17,01,Schleswig-Holstein,01060,LK Segeberg,3,3,0,0,21,65,65,21
2023-01-18,01,Schleswig-Holstein,01060,LK Segeberg,3,3,0,0,21,65,65,21
2023-01-19,01,Schleswig-Holstein,01060,LK Segeberg,3,3,0,0,18,68,68,18
2023-01-20,01,Schleswig-Holstein,01060,LK Segeberg,3,3,0,0,23,58,58,23
2023-01-21,01,Schleswig-Holstein,01060,LK Segeberg,3,3,0,0,34,47,47,34
2023-01-22,01,Schleswig-Holstein,01060,LK Segeberg,3,3,0,0,33,48,48,33
2023-01-23,01,Schleswig-Holstein,01060,LK Segeberg,3,3,0,0,17,69,69,17
2023-01-24,01,Schleswig-Holstein,01060,LK Segeberg,3,3,0,0,20,66,66,20
2023-01-25,01,Schleswig-Holstein,01060,LK Segeberg,3,3,0,0,23,63,63,23
2023-01-26,01,Schleswig-Holstein,01060,LK Segeberg,3,3,0,0,20,66,66,20
2023-01-27,01,Schleswig-Holstein,01060,LK Segeberg,3,3,0,0,20,61,61,20
2023-01-28,01,Schleswig-Holstein,01060,LK Segeberg,3,3,0,0,25,56,56,25
2023-01-29,01,Schleswig-Holstein,01060,LK Segeberg,3,3,0,0,26,55,55,26
2023-01-30,01,Schleswig-Holstein,01060,LK Segeberg,3,3,0,0,17,69,69,17
2023-01-31,01,Schleswig-Holstein,01060,LK Segeberg,3,3,1,0,21,65,65,21
2023-02-01,01,Schleswig-Holstein,01060,LK Segeberg,3,3,1,0,22,64,64,22
2023-02-02,01,Schleswig-Holstein,01060,LK Segeberg,3,3,2,0,18,68,68,18
2023-02-03,01,Schleswig-Holstein,01060,LK Segeberg,3,3,0,0,21,60,60,21
2023-02-04,01,Schleswig-Holstein,01060,LK Segeberg,3,3,0,0,27,54,54,27
2023-02-05,01,Schleswig-Holstein,01060,LK Segeberg,3,3,0,0,24,57,57,24
2023-02-06,01,Schleswig-Holstein,01060,LK Segeberg,3,3,0,0,17,69,69,17
2023-02-07,01,Schleswig-Holstein,01060,LK Segeberg,3,3,0,0,16,70,70,16
2023-02-08,01,Schleswig-Holstein,01060,LK Segeberg,3,3,0,0,18,68,68,18
2023-02-09,01,Schleswig-Holstein,01060,LK Segeberg,3,3,0,0,17,69,69,17
2023-02-10,01,Schleswig-Holstein,01060,LK Segeberg,3,3,0,0,22,59,59,22
2023-02-11,01,Schleswig-Holstein,01060,LK Segeberg,3,3,0,0,20,57,57,20
2023-02-12,01,Schleswig-Holstein,01060,LK Segeberg,3,3,0,0,20,57,57,20
2023-02-13,01,Schleswig-Holstein,01060,LK Segeberg,3,3,0,0,19,67,67,19
2023-02-14,01,Schleswig-Holstein,01060,LK Segeberg,3,3,0,0,15,71,71,15
2023-02-15,01,Schleswig-Holstein,01060,LK Segeberg,3,3,1,0,21,65,65,21
2023-02-16,01,Schleswig-Holstein,01060,LK Segeberg,3,3,0,0,23,63,63,23
2023-02-17,01,Schleswig-Holstein,01060,LK Segeberg,3,3,2,0,22,59,59,22
2023-02-18,01,Schleswig-Holstein,01060,LK Segeberg,3,3,1,0,26,55,55,26
2023-02-19,01,Schleswig-Holstein,01060,LK Segeberg,3,3,1,0,23,58,58,23
2023-02-20,01,Schleswig-Holstein,01060,LK Segeberg,3,3,1,0,18,68,68,18
2023-02-21,01,Schleswig-Holstein,01060,LK Segeberg,3,3,0,0,16,70,70,16
2023-02-22,01,Schleswig-Holstein,01060,LK Segeberg,3,3,0,0,19,67,67,19
2023-02-23,01,Schleswig-Holstein,01060,LK Segeberg,3,3,0,0,19,67,67,19
2023-02-24,01,Schleswig-Holstein,01060,LK Segeberg,3,3,0,0,19,62,62,19
2023-02-25,01,Schleswig-Holstein,01060,LK Segeberg,3,3,1,1,22,59,59,22
2023-02-26,01,Schleswig-Holstein,01060,LK Segeberg,3,3,1,1,22,59,59,22
2023-02-27,01,Schleswig-Holstein,01060,LK Segeberg,3,3,0,0,22,64,64,22
2023-02-28,01,Schleswig-Holstein,01060,LK Segeberg,3,3,0,0,21,65,65,21
2023-03-01,01,Schleswig-Holstein,01060,LK Segeberg,3,3,0,0,23,63,63,23
2023-03-02,01,Schleswig-Holstein,01060,LK Segeberg,3,3,1,1,23,63,63,23
2023-03-03,01,Schleswig-Holstein,01060,LK Segeberg,3,3,0,0,19,62,62,19
2023-03-04,01,Schleswig-Holstein,01060,LK Segeberg,3,3,1,0,17,64,64,17
2023-03-05,01,Schleswig-Holstein,01060,LK Segeberg,3,3,1,0,22,59,59,22
2023-03-06,01,Schleswig-Holstein,01060,LK Segeberg,3,3,1,0,13,73,73,13
2023-03-07,01,Schleswig-Holstein,01060,LK Segeberg,3,3,1,0,21,65,65,21
2023-03-08,01,Schleswig-Holstein,01060,LK Segeberg,3,3,0,0,21,60,60,21
2023-03-09,01,Schleswig-Holstein,01060,LK Segeberg,3,3,0,0,18,63,63,18
2023-03-10,01,Schleswig-Holstein,01060,LK Segeberg,3,3,1,0,20,61,61,20
2023-03-11,01,Schleswig-Holstein,01060,LK Segeberg,3,3,1,0,40,41,41,40
2023-03-12,01,Schleswig-Holstein,01060,LK Segeberg,3,3,1,0,44,37,37,44
2023-03-13,01,Schleswig-Holstein,01060,LK Segeberg,3,3,1,0,22,64,64,22
2023-03-14,01,Schleswig-Holstein,01060,LK Segeberg,3,3,1,0,18,63,63,18
2023-03-15,01,Schleswig-Holstein,01060,LK Segeberg,3,3,2,0,19,62,62,19
2023-03-16,01,Schleswig-Holstein,01060,LK Segeberg,3,3,2,0,20,61,61,20
2023-03-17,01,Schleswig-Holstein,01060,LK Segeberg,3,3,2,0,26,55,55,26
2023-03-18,01,Schleswig-Holstein,01060,LK Segeberg,3,3,1,0,24,57,57,24
2023-03-19,01,Schleswig-Holstein,01060,LK Segeberg,3,3,1,0,26,55,55,26
2023-03-20,01,Schleswig-Holstein,01060,LK Segeberg,3,3,0,0,23,63,63,23
2023-03-21,01,Schleswig-Holstein,01060,LK Segeberg,3,3,0,0,20,66,66,20
2023-03-22,01,Schleswig-Holstein,01060,LK Segeberg,3,3,0,NA,22,64,64,22
2023-03-23,01,Schleswig-Holstein,01060,LK Segeberg,3,3,0,NA,20,66,66,20
2023-03-24,01,Schleswig-Holstein,01060,LK Segeberg,3,3,2,NA,17,64,64,17
2023-03-25,01,Schleswig-Holstein,01060,LK Segeberg,3,3,2,NA,21,60,60,21
2023-03-26,01,Schleswig-Holstein,01060,LK Segeberg,3,3,1,NA,22,59,59,22
2023-03-27,01,Schleswig-Holstein,01060,LK Segeberg,3,3,2,NA,15,71,71,15
2023-03-28,01,Schleswig-Holstein,01060,LK Segeberg,3,3,1,NA,17,69,69,17
2023-03-29,01,Schleswig-Holstein,01060,LK Segeberg,3,3,1,NA,20,66,66,20
2023-03-30,01,Schleswig-Holstein,01060,LK Segeberg,3,3,2,1,14,72,72,14
2023-03-31,01,Schleswig-Holstein,01060,LK Segeberg,3,3,3,1,16,65,65,16
2023-04-01,01,Schleswig-Holstein,01060,LK Segeberg,3,3,2,1,21,60,60,21
2023-04-02,01,Schleswig-Holstein,01060,LK Segeberg,3,3,2,1,23,58,58,23
2023-04-03,01,Schleswig-Holstein,01060,LK Segeberg,3,3,2,1,18,68,68,18
2023-04-04,01,Schleswig-Holstein,01060,LK Segeberg,3,3,2,1,17,64,64,17
2023-04-05,01,Schleswig-Holstein,01060,LK Segeberg,3,3,3,1,17,64,64,17
2023-04-06,01,Schleswig-Holstein,01060,LK Segeberg,3,3,2,1,15,66,66,15
2023-04-07,01,Schleswig-Holstein,01060,LK Segeberg,3,3,1,NA,21,60,60,21
2023-04-08,01,Schleswig-Holstein,01060,LK Segeberg,3,3,0,NA,21,60,60,21
2023-04-09,01,Schleswig-Holstein,01060,LK Segeberg,3,3,0,NA,26,55,55,26
2023-04-10,01,Schleswig-Holstein,01060,LK Segeberg,3,3,0,NA,26,55,55,26
2023-04-11,01,Schleswig-Holstein,01060,LK Segeberg,3,3,0,NA,21,65,65,21
2023-04-12,01,Schleswig-Holstein,01060,LK Segeberg,3,3,0,NA,23,63,63,23
2023-04-13,01,Schleswig-Holstein,01060,LK Segeberg,3,3,0,NA,19,67,67,19
2023-04-14,01,Schleswig-Holstein,01060,LK Segeberg,3,3,0,NA,24,57,57,24
2023-04-15,01,Schleswig-Holstein,01060,LK Segeberg,3,3,0,NA,20,61,61,20
2023-04-16,01,Schleswig-Holstein,01060,LK Segeberg,3,3,0,NA,24,57,57,24
2023-04-17,01,Schleswig-Holstein,01060,LK Segeberg,3,3,0,NA,23,63,63,23
2023-04-18,01,Schleswig-Holstein,01060,LK Segeberg,3,3,0,NA,21,65,65,21
2023-04-19,01,Schleswig-Holstein,01060,LK Segeberg,3,3,1,NA,25,61,61,25
2023-04-20,01,Schleswig-Holstein,01060,LK Segeberg,3,3,1,NA,17,69,69,17
2023-04-21,01,Schleswig-Holstein,01060,LK Segeberg,3,3,0,NA,22,59,59,22
2023-04-22,01,Schleswig-Holstein,01060,LK Segeberg,3,3,0,NA,23,58,58,23
2023-04-23,01,Schleswig-Holstein,01060,LK Segeberg,3,3,0,NA,26,55,55,26
2023-04-24,01,Schleswig-Holstein,01060,LK Segeberg,3,3,0,NA,16,70,70,16
2023-04-25,01,Schleswig-Holstein,01060,LK Segeberg,3,3,2,NA,17,69,69,17
2023-04-26,01,Schleswig-Holstein,01060,LK Segeberg,3,3,1,NA,17,69,69,17
2023-04-27,01,Schleswig-Holstein,01060,LK Segeberg,3,3,0,NA,16,70,70,16
2023-04-28,01,Schleswig-Holstein,01060,LK Segeberg,3,3,0,NA,23,58,58,23
2023-04-29,01,Schleswig-Holstein,01060,LK Segeberg,3,3,0,NA,26,55,55,26
2023-04-30,01,Schleswig-Holstein,01060,LK Segeberg,3,3,1,NA,24,57,57,24
2023-05-01,01,Schleswig-Holstein,01060,LK Segeberg,3,3,1,NA,25,56,56,25
2023-05-02,01,Schleswig-Holstein,01060,LK Segeberg,3,3,1,NA,20,66,66,20
2023-05-03,01,Schleswig-Holstein,01060,LK Segeberg,3,3,1,1,21,65,65,21
2023-05-04,01,Schleswig-Holstein,01060,LK Segeberg,3,3,1,1,19,67,67,19
2023-05-05,01,Schleswig-Holstein,01060,LK Segeberg,3,3,1,1,22,64,64,22
2023-05-06,01,Schleswig-Holstein,01060,LK Segeberg,3,3,1,1,22,64,64,22
2023-05-07,01,Schleswig-Holstein,01060,LK Segeberg,3,3,1,1,23,63,63,23
2023-05-08,01,Schleswig-Holstein,01060,LK Segeberg,3,3,2,1,25,61,61,25
2023-05-09,01,Schleswig-Holstein,01060,LK Segeberg,3,3,2,1,30,56,56,30
2023-05-10,01,Schleswig-Holstein,01060,LK Segeberg,2,2,1,0,17,60,60,17
2023-05-11,01,Schleswig-Holstein,01060,LK Segeberg,2,2,4,1,19,58,58,19
2023-05-12,01,Schleswig-Holstein,01060,LK Segeberg,2,2,3,0,17,60,60,17
2023-05-13,01,Schleswig-Holstein,01060,LK Segeberg,2,2,2,0,20,57,57,20
2023-05-14,01,Schleswig-Holstein,01060,LK Segeberg,2,2,2,0,21,56,56,21
2023-05-15,01,Schleswig-Holstein,01060,LK Segeberg,2,2,2,0,20,57,57,20
2023-05-16,01,Schleswig-Holstein,01060,LK Segeberg,2,2,2,0,15,62,62,15
2023-05-17,01,Schleswig-Holstein,01060,LK Segeberg,2,2,2,0,10,67,67,10
2023-05-18,01,Schleswig-Holstein,01060,LK Segeberg,2,2,2,0,13,64,64,13
2023-05-19,01,Schleswig-Holstein,01060,LK Segeberg,2,2,1,NA,22,55,55,22
2023-05-20,01,Schleswig-Holstein,01060,LK Segeberg,2,2,0,NA,26,51,51,26
2023-05-21,01,Schleswig-Holstein,01060,LK Segeberg,2,2,0,NA,24,53,53,24
2023-05-22,01,Schleswig-Holstein,01060,LK Segeberg,2,2,0,NA,22,55,55,22
2023-05-23,01,Schleswig-Holstein,01060,LK Segeberg,2,2,1,NA,18,59,59,18
2023-05-24,01,Schleswig-Holstein,01060,LK Segeberg,2,2,0,NA,19,58,58,19
2023-05-25,01,Schleswig-Holstein,01060,LK Segeberg,2,2,0,NA,16,61,61,16
2023-05-26,01,Schleswig-Holstein,01060,LK Segeberg,2,2,0,NA,16,61,61,16
2023-05-27,01,Schleswig-Holstein,01060,LK Segeberg,2,2,0,NA,16,61,61,16
2023-05-28,01,Schleswig-Holstein,01060,LK Segeberg,2,2,0,NA,18,59,59,18
2023-05-29,01,Schleswig-Holstein,01060,LK Segeberg,2,2,0,NA,20,57,57,20
2023-05-30,01,Schleswig-Holstein,01060,LK Segeberg,2,2,0,NA,19,58,58,19
2023-05-31,01,Schleswig-Holstein,01060,LK Segeberg,2,2,0,NA,16,61,61,16
2023-06-01,01,Schleswig-Holstein,01060,LK Segeberg,2,2,0,NA,13,64,64,13
2023-06-02,01,Schleswig-Holstein,01060,LK Segeberg,2,2,0,NA,15,62,62,15
2023-06-03,01,Schleswig-Holstein,01060,LK Segeberg,2,2,0,NA,17,60,60,17
2023-06-04,01,Schleswig-Holstein,01060,LK Segeberg,2,2,0,NA,19,58,58,19
2023-06-05,01,Schleswig-Holstein,01060,LK Segeberg,2,2,0,NA,18,59,59,18
2023-06-06,01,Schleswig-Holstein,01060,LK Segeberg,2,2,0,NA,20,57,57,20
2023-06-07,01,Schleswig-Holstein,01060,LK Segeberg,2,2,0,NA,17,60,60,17
2023-06-08,01,Schleswig-Holstein,01060,LK Segeberg,2,2,0,NA,19,58,58,19
2023-06-09,01,Schleswig-Holstein,01060,LK Segeberg,2,2,0,NA,19,58,58,19
2023-06-10,01,Schleswig-Holstein,01060,LK Segeberg,2,2,0,NA,28,49,49,28
2023-06-11,01,Schleswig-Holstein,01060,LK Segeberg,2,2,0,NA,21,56,56,21
2023-06-12,01,Schleswig-Holstein,01060,LK Segeberg,2,2,0,NA,17,60,60,17
2023-06-13,01,Schleswig-Holstein,01060,LK Segeberg,2,2,0,NA,18,59,59,18
2023-06-14,01,Schleswig-Holstein,01060,LK Segeberg,2,2,0,NA,18,59,59,18
2023-06-15,01,Schleswig-Holstein,01060,LK Segeberg,2,2,0,NA,18,59,59,18
2023-06-16,01,Schleswig-Holstein,01060,LK Segeberg,2,2,0,NA,20,57,57,20
2023-06-17,01,Schleswig-Holstein,01060,LK Segeberg,2,2,0,NA,22,55,55,22
2023-06-18,01,Schleswig-Holstein,01060,LK Segeberg,2,2,0,NA,20,57,57,20
2023-06-19,01,Schleswig-Holstein,01060,LK Segeberg,2,2,1,NA,20,57,57,20
2023-06-20,01,Schleswig-Holstein,01060,LK Segeberg,2,2,1,NA,18,59,59,18
2023-06-21,01,Schleswig-Holstein,01060,LK Segeberg,2,2,0,NA,16,61,61,16
2023-06-22,01,Schleswig-Holstein,01060,LK Segeberg,2,2,0,NA,17,60,60,17
2023-06-23,01,Schleswig-Holstein,01060,LK Segeberg,2,2,0,NA,12,65,65,12
2023-06-24,01,Schleswig-Holstein,01060,LK Segeberg,2,2,0,NA,11,66,66,11
2023-06-25,01,Schleswig-Holstein,01060,LK Segeberg,2,2,0,NA,14,63,63,14
2023-06-26,01,Schleswig-Holstein,01060,LK Segeberg,2,2,0,NA,16,61,61,16
2023-06-27,01,Schleswig-Holstein,01060,LK Segeberg,2,2,0,NA,20,57,57,20
2023-06-28,01,Schleswig-Holstein,01060,LK Segeberg,2,2,0,NA,23,54,54,23
2023-06-29,01,Schleswig-Holstein,01060,LK Segeberg,2,2,0,NA,17,60,60,17
2023-06-30,01,Schleswig-Holstein,01060,LK Segeberg,2,2,0,NA,18,59,59,18
2023-07-01,01,Schleswig-Holstein,01060,LK Segeberg,2,2,0,NA,16,61,61,16
2023-07-02,01,Schleswig-Holstein,01060,LK Segeberg,2,2,0,NA,18,59,59,18
2023-07-03,01,Schleswig-Holstein,01060,LK Segeberg,2,2,0,NA,23,54,54,23
2023-07-04,01,Schleswig-Holstein,01060,LK Segeberg,2,2,0,NA,25,52,52,25
2023-07-05,01,Schleswig-Holstein,01060,LK Segeberg,2,2,0,NA,18,59,59,18
2023-07-06,01,Schleswig-Holstein,01060,LK Segeberg,2,2,0,NA,21,56,56,21
2023-07-07,01,Schleswig-Holstein,01060,LK Segeberg,2,2,0,NA,23,54,54,23
2023-07-08,01,Schleswig-Holstein,01060,LK Segeberg,2,2,0,NA,23,54,54,23
2023-07-09,01,Schleswig-Holstein,01060,LK Segeberg,2,2,0,NA,26,51,51,26
2023-07-10,01,Schleswig-Holstein,01060,LK Segeberg,2,2,0,NA,26,51,51,26
2023-07-11,01,Schleswig-Holstein,01060,LK Segeberg,2,2,0,NA,21,56,56,21
2023-07-12,01,Schleswig-Holstein,01060,LK Segeberg,2,2,0,NA,23,54,54,23
2023-07-13,01,Schleswig-Holstein,01060,LK Segeberg,2,2,0,NA,22,55,55,22
2023-07-14,01,Schleswig-Holstein,01060,LK Segeberg,2,2,0,NA,19,58,58,19
2023-07-15,01,Schleswig-Holstein,01060,LK Segeberg,2,2,0,NA,19,58,58,19
2023-07-16,01,Schleswig-Holstein,01060,LK Segeberg,2,2,0,NA,18,59,59,18
2023-07-17,01,Schleswig-Holstein,01060,LK Segeberg,2,2,0,NA,22,55,55,22
2023-07-18,01,Schleswig-Holstein,01060,LK Segeberg,2,2,0,NA,20,57,57,20
2023-07-19,01,Schleswig-Holstein,01060,LK Segeberg,2,2,0,NA,23,54,54,23
2023-07-20,01,Schleswig-Holstein,01060,LK Segeberg,2,2,0,NA,20,57,57,20
2023-07-21,01,Schleswig-Holstein,01060,LK Segeberg,2,2,0,NA,18,59,59,18
2023-07-22,01,Schleswig-Holstein,01060,LK Segeberg,2,2,0,NA,20,57,57,20
2023-07-23,01,Schleswig-Holstein,01060,LK Segeberg,2,2,0,NA,22,55,55,22
2023-07-24,01,Schleswig-Holstein,01060,LK Segeberg,2,2,0,NA,21,56,56,21
2023-07-25,01,Schleswig-Holstein,01060,LK Segeberg,2,2,1,NA,16,61,61,16
2023-07-26,01,Schleswig-Holstein,01060,LK Segeberg,2,2,1,NA,22,55,55,22
2023-07-27,01,Schleswig-Holstein,01060,LK Segeberg,2,2,1,NA,18,59,59,18
2023-07-28,01,Schleswig-Holstein,01060,LK Segeberg,2,2,1,NA,19,58,58,19
2023-07-29,01,Schleswig-Holstein,01060,LK Segeberg,2,2,1,NA,30,47,47,30
2023-07-30,01,Schleswig-Holstein,01060,LK Segeberg,2,2,1,NA,18,59,59,18
2023-07-31,01,Schleswig-Holstein,01060,LK Segeberg,2,2,1,1,21,56,56,21
2023-08-01,01,Schleswig-Holstein,01060,LK Segeberg,2,2,1,1,21,56,56,21
2023-08-02,01,Schleswig-Holstein,01060,LK Segeberg,2,2,1,1,17,60,60,17
2023-08-03,01,Schleswig-Holstein,01060,LK Segeberg,2,2,2,1,17,60,60,17
2023-08-04,01,Schleswig-Holstein,01060,LK Segeberg,2,2,1,1,19,58,58,19
2023-08-05,01,Schleswig-Holstein,01060,LK Segeberg,2,2,1,1,20,57,57,20
2023-08-06,01,Schleswig-Holstein,01060,LK Segeberg,2,2,1,1,21,56,56,21
2023-08-07,01,Schleswig-Holstein,01060,LK Segeberg,2,2,1,1,21,56,56,21
2023-08-08,01,Schleswig-Holstein,01060,LK Segeberg,2,2,1,1,21,56,56,21
2023-08-09,01,Schleswig-Holstein,01060,LK Segeberg,2,2,1,1,25,52,52,25
2023-08-10,01,Schleswig-Holstein,01060,LK Segeberg,2,2,1,1,18,59,59,18
2023-08-11,01,Schleswig-Holstein,01060,LK Segeberg,2,2,1,1,20,57,57,20
2023-08-12,01,Schleswig-Holstein,01060,LK Segeberg,2,2,1,1,20,57,57,20
2023-08-13,01,Schleswig-Holstein,01060,LK Segeberg,2,2,1,1,24,53,53,24
2023-08-14,01,Schleswig-Holstein,01060,LK Segeberg,2,2,1,1,17,60,60,17
2023-08-15,01,Schleswig-Holstein,01060,LK Segeberg,2,2,0,NA,16,61,61,16
2023-08-16,01,Schleswig-Holstein,01060,LK Segeberg,2,2,0,NA,18,59,59,18
2023-08-17,01,Schleswig-Holstein,01060,LK Segeberg,2,2,0,NA,24,53,53,24
2023-08-18,01,Schleswig-Holstein,01060,LK Segeberg,2,2,0,NA,21,56,56,21
2023-08-19,01,Schleswig-Holstein,01060,LK Segeberg,2,2,1,NA,24,53,53,24
2023-08-20,01,Schleswig-Holstein,01060,LK Segeberg,2,2,1,1,23,54,54,23
2023-08-21,01,Schleswig-Holstein,01060,LK Segeberg,2,2,1,1,21,56,56,21
2023-08-22,01,Schleswig-Holstein,01060,LK Segeberg,2,2,1,1,17,60,60,17
2023-08-23,01,Schleswig-Holstein,01060,LK Segeberg,2,2,1,1,16,61,61,16
2023-08-24,01,Schleswig-Holstein,01060,LK Segeberg,2,2,1,1,20,57,57,20
2023-08-25,01,Schleswig-Holstein,01060,LK Segeberg,2,2,2,0,22,55,55,22
2023-08-26,01,Schleswig-Holstein,01060,LK Segeberg,2,2,1,0,22,55,55,22
2023-08-27,01,Schleswig-Holstein,01060,LK Segeberg,2,2,1,0,25,52,52,25
2023-08-28,01,Schleswig-Holstein,01060,LK Segeberg,2,2,1,0,21,56,56,21
2023-08-29,01,Schleswig-Holstein,01060,LK Segeberg,2,2,1,0,18,59,59,18
2023-08-30,01,Schleswig-Holstein,01060,LK Segeberg,2,2,1,0,19,58,58,19
2023-08-31,01,Schleswig-Holstein,01060,LK Segeberg,2,2,1,0,17,60,60,17
2023-09-01,01,Schleswig-Holstein,01060,LK Segeberg,2,2,0,NA,23,54,54,23
2023-09-02,01,Schleswig-Holstein,01060,LK Segeberg,2,2,0,NA,26,51,51,26
2023-09-03,01,Schleswig-Holstein,01060,LK Segeberg,2,2,0,NA,25,52,52,25
2023-09-04,01,Schleswig-Holstein,01060,LK Segeberg,2,2,0,NA,24,53,53,24
2023-09-05,01,Schleswig-Holstein,01060,LK Segeberg,2,2,0,NA,19,58,58,19
2023-09-06,01,Schleswig-Holstein,01060,LK Segeberg,2,2,0,NA,17,60,60,17
2023-09-07,01,Schleswig-Holstein,01060,LK Segeberg,2,2,0,NA,18,59,59,18
2023-09-08,01,Schleswig-Holstein,01060,LK Segeberg,2,2,0,NA,18,59,59,18
2023-09-09,01,Schleswig-Holstein,01060,LK Segeberg,2,2,0,NA,19,58,58,19
2023-09-10,01,Schleswig-Holstein,01060,LK Segeberg,2,2,0,NA,21,56,56,21
2023-09-11,01,Schleswig-Holstein,01060,LK Segeberg,2,2,1,1,17,60,60,17
2023-09-12,01,Schleswig-Holstein,01060,LK Segeberg,2,2,1,1,18,59,59,18
2023-09-13,01,Schleswig-Holstein,01060,LK Segeberg,2,2,0,NA,16,61,61,16
2023-09-14,01,Schleswig-Holstein,01060,LK Segeberg,2,2,0,NA,13,64,64,13
2023-09-15,01,Schleswig-Holstein,01060,LK Segeberg,2,2,0,NA,13,64,64,13
2023-09-16,01,Schleswig-Holstein,01060,LK Segeberg,2,2,0,NA,20,57,57,20
2023-09-17,01,Schleswig-Holstein,01060,LK Segeberg,2,2,0,NA,18,59,59,18
2023-09-18,01,Schleswig-Holstein,01060,LK Segeberg,2,2,0,NA,18,59,59,18
2023-09-19,01,Schleswig-Holstein,01060,LK Segeberg,2,2,0,NA,11,66,66,11
2023-09-20,01,Schleswig-Holstein,01060,LK Segeberg,2,2,1,0,16,61,61,16
2023-09-21,01,Schleswig-Holstein,01060,LK Segeberg,2,2,2,1,19,58,58,19
2023-09-22,01,Schleswig-Holstein,01060,LK Segeberg,2,2,2,1,19,58,58,19
2023-09-23,01,Schleswig-Holstein,01060,LK Segeberg,2,2,2,1,27,50,50,27
2023-09-24,01,Schleswig-Holstein,01060,LK Segeberg,2,2,2,1,26,51,51,26
2023-09-25,01,Schleswig-Holstein,01060,LK Segeberg,2,2,2,1,16,61,61,16
2023-09-26,01,Schleswig-Holstein,01060,LK Segeberg,2,2,1,1,19,58,58,19
2023-09-27,01,Schleswig-Holstein,01060,LK Segeberg,2,2,1,1,18,59,59,18
2023-09-28,01,Schleswig-Holstein,01060,LK Segeberg,2,2,1,1,18,59,59,18
2023-09-29,01,Schleswig-Holstein,01060,LK Segeberg,2,2,1,1,18,59,59,18
2023-09-30,01,Schleswig-Holstein,01060,LK Segeberg,2,2,0,NA,20,57,57,20
2023-10-01,01,Schleswig-Holstein,01060,LK Segeberg,2,2,0,NA,21,56,56,21
2023-10-02,01,Schleswig-Holstein,01060,LK Segeberg,2,2,0,NA,22,55,55,22
2023-10-03,01,Schleswig-Holstein,01060,LK Segeberg,2,2,0,NA,22,55,55,22
2023-10-04,01,Schleswig-Holstein,01060,LK Segeberg,2,2,0,NA,21,56,56,21
2023-10-05,01,Schleswig-Holstein,01060,LK Segeberg,2,2,1,NA,15,62,62,15
2023-10-06,01,Schleswig-Holstein,01060,LK Segeberg,2,2,0,NA,18,59,59,18
2023-10-07,01,Schleswig-Holstein,01060,LK Segeberg,2,2,0,NA,20,57,57,20
2023-10-08,01,Schleswig-Holstein,01060,LK Segeberg,2,2,0,NA,21,56,56,21
2023-10-09,01,Schleswig-Holstein,01060,LK Segeberg,2,2,0,NA,16,61,61,16
2023-10-10,01,Schleswig-Holstein,01060,LK Segeberg,2,2,0,NA,18,59,59,18
2023-10-11,01,Schleswig-Holstein,01060,LK Segeberg,2,2,1,NA,16,61,61,16
2023-10-12,01,Schleswig-Holstein,01060,LK Segeberg,2,2,1,NA,19,58,58,19
2023-10-13,01,Schleswig-Holstein,01060,LK Segeberg,2,2,1,NA,18,59,59,18
2023-10-14,01,Schleswig-Holstein,01060,LK Segeberg,2,2,0,NA,20,57,57,20
2023-10-15,01,Schleswig-Holstein,01060,LK Segeberg,2,2,0,NA,17,60,60,17
2023-10-16,01,Schleswig-Holstein,01060,LK Segeberg,2,2,0,NA,18,59,59,18
2023-10-17,01,Schleswig-Holstein,01060,LK Segeberg,2,2,0,NA,19,58,58,19
2023-10-18,01,Schleswig-Holstein,01060,LK Segeberg,2,2,1,NA,21,56,56,21
2023-10-19,01,Schleswig-Holstein,01060,LK Segeberg,2,2,0,NA,22,55,55,22
2023-10-20,01,Schleswig-Holstein,01060,LK Segeberg,2,2,0,NA,23,54,54,23
2023-10-21,01,Schleswig-Holstein,01060,LK Segeberg,2,2,2,NA,23,54,54,23
2023-10-22,01,Schleswig-Holstein,01060,LK Segeberg,2,2,1,NA,23,54,54,23
2023-10-23,01,Schleswig-Holstein,01060,LK Segeberg,2,2,0,NA,20,57,57,20
2023-10-24,01,Schleswig-Holstein,01060,LK Segeberg,2,2,0,NA,20,57,57,20
2023-10-25,01,Schleswig-Holstein,01060,LK Segeberg,2,2,0,NA,21,56,56,21
2023-10-26,01,Schleswig-Holstein,01060,LK Segeberg,2,2,1,NA,20,57,57,20
2023-10-27,01,Schleswig-Holstein,01060,LK Segeberg,2,2,2,NA,20,57,57,20
2023-10-28,01,Schleswig-Holstein,01060,LK Segeberg,2,2,2,NA,21,56,56,21
2023-10-29,01,Schleswig-Holstein,01060,LK Segeberg,2,2,2,NA,20,57,57,20
2023-10-30,01,Schleswig-Holstein,01060,LK Segeberg,2,2,2,NA,18,59,59,18
2023-10-31,01,Schleswig-Holstein,01060,LK Segeberg,2,2,2,NA,19,58,58,19
2023-11-01,01,Schleswig-Holstein,01060,LK Segeberg,2,2,3,NA,20,57,57,20
2023-11-02,01,Schleswig-Holstein,01060,LK Segeberg,2,2,2,NA,19,58,58,19
2023-11-03,01,Schleswig-Holstein,01060,LK Segeberg,2,2,1,NA,21,56,56,21
2023-11-04,01,Schleswig-Holstein,01060,LK Segeberg,2,2,2,NA,18,59,59,18
2023-11-05,01,Schleswig-Holstein,01060,LK Segeberg,2,2,2,NA,26,51,51,26
2023-11-06,01,Schleswig-Holstein,01060,LK Segeberg,2,2,2,NA,20,57,57,20
2023-11-07,01,Schleswig-Holstein,01060,LK Segeberg,2,2,1,NA,21,56,56,21
2023-11-08,01,Schleswig-Holstein,01060,LK Segeberg,2,2,0,NA,21,56,56,21
2023-11-09,01,Schleswig-Holstein,01060,LK Segeberg,2,2,2,1,23,54,54,23
2023-11-10,01,Schleswig-Holstein,01060,LK Segeberg,2,2,2,1,20,57,57,20
2023-11-11,01,Schleswig-Holstein,01060,LK Segeberg,2,2,2,1,17,60,60,17
2023-11-12,01,Schleswig-Holstein,01060,LK Segeberg,2,2,1,1,23,54,54,23
2023-11-13,01,Schleswig-Holstein,01060,LK Segeberg,2,2,1,1,23,54,54,23
2023-11-14,01,Schleswig-Holstein,01060,LK Segeberg,2,2,3,1,21,56,56,21
2023-11-15,01,Schleswig-Holstein,01060,LK Segeberg,2,2,3,1,25,52,52,25
2023-11-16,01,Schleswig-Holstein,01060,LK Segeberg,2,2,4,1,18,59,59,18
2023-11-17,01,Schleswig-Holstein,01060,LK Segeberg,2,2,5,1,19,58,58,19
2023-11-18,01,Schleswig-Holstein,01060,LK Segeberg,2,2,3,2,23,54,54,23
2023-11-19,01,Schleswig-Holstein,01060,LK Segeberg,2,2,1,1,25,52,52,25
2023-11-20,01,Schleswig-Holstein,01060,LK Segeberg,2,2,1,1,23,54,54,23
2023-11-21,01,Schleswig-Holstein,01060,LK Segeberg,2,2,2,2,16,61,61,16
2023-11-22,01,Schleswig-Holstein,01060,LK Segeberg,2,2,1,1,18,59,59,18
2023-11-23,01,Schleswig-Holstein,01060,LK Segeberg,2,2,1,1,17,60,60,17
2023-11-24,01,Schleswig-Holstein,01060,LK Segeberg,2,2,3,1,20,57,57,20
2023-11-25,01,Schleswig-Holstein,01060,LK Segeberg,2,2,2,1,19,58,58,19
2023-11-26,01,Schleswig-Holstein,01060,LK Segeberg,2,2,3,1,17,60,60,17
2023-11-27,01,Schleswig-Holstein,01060,LK Segeberg,2,2,5,1,20,57,57,20
2023-11-28,01,Schleswig-Holstein,01060,LK Segeberg,2,2,5,2,16,61,61,16
2023-11-29,01,Schleswig-Holstein,01060,LK Segeberg,2,2,4,2,23,54,54,23
2023-11-30,01,Schleswig-Holstein,01060,LK Segeberg,2,2,4,1,23,54,54,23
2023-12-01,01,Schleswig-Holstein,01060,LK Segeberg,2,2,2,0,18,59,59,18
2023-12-02,01,Schleswig-Holstein,01060,LK Segeberg,2,2,2,0,18,59,59,18
2023-12-03,01,Schleswig-Holstein,01060,LK Segeberg,2,2,3,1,22,55,55,22
2023-12-04,01,Schleswig-Holstein,01060,LK Segeberg,2,2,1,1,19,58,58,19
2023-12-05,01,Schleswig-Holstein,01060,LK Segeberg,2,2,1,1,20,57,57,20
2023-12-06,01,Schleswig-Holstein,01060,LK Segeberg,2,2,1,1,12,65,65,12
2023-12-07,01,Schleswig-Holstein,01060,LK Segeberg,2,2,1,1,15,62,62,15
2023-12-08,01,Schleswig-Holstein,01060,LK Segeberg,2,2,1,1,19,58,58,19
2023-12-09,01,Schleswig-Holstein,01060,LK Segeberg,2,2,1,1,23,54,54,23
2023-12-10,01,Schleswig-Holstein,01060,LK Segeberg,2,2,1,1,1,67,67,1
2023-12-11,01,Schleswig-Holstein,01060,LK Segeberg,2,2,3,1,4,64,64,4
2023-12-12,01,Schleswig-Holstein,01060,LK Segeberg,2,2,4,2,9,59,59,9
2023-12-13,01,Schleswig-Holstein,01060,LK Segeberg,2,2,3,1,11,57,57,11
2023-12-14,01,Schleswig-Holstein,01060,LK Segeberg,2,2,2,1,9,59,59,9
2023-12-15,01,Schleswig-Holstein,01060,LK Segeberg,2,2,1,1,13,55,55,13
2023-12-16,01,Schleswig-Holstein,01060,LK Segeberg,2,2,2,2,13,57,57,13
2023-12-17,01,Schleswig-Holstein,01060,LK Segeberg,2,2,2,2,11,59,59,11
2023-12-18,01,Schleswig-Holstein,01060,LK Segeberg,2,2,3,2,15,55,55,15
2023-12-19,01,Schleswig-Holstein,01060,LK Segeberg,2,2,3,1,10,60,60,10
2023-12-20,01,Schleswig-Holstein,01060,LK Segeberg,2,2,4,1,13,57,57,13
2023-12-21,01,Schleswig-Holstein,01060,LK Segeberg,2,2,5,1,11,59,59,11
2023-12-22,01,Schleswig-Holstein,01060,LK Segeberg,2,2,4,1,11,59,59,11
2023-12-23,01,Schleswig-Holstein,01060,LK Segeberg,2,2,6,0,24,76,76,24
2023-12-24,01,Schleswig-Holstein,01060,LK Segeberg,2,2,5,0,23,77,77,23
2023-12-25,01,Schleswig-Holstein,01060,LK Segeberg,2,2,3,2,17,53,53,17
2023-12-26,01,Schleswig-Holstein,01060,LK Segeberg,2,2,5,2,7,45,45,7
2023-12-27,01,Schleswig-Holstein,01060,LK Segeberg,2,2,2,1,4,48,48,4
2023-12-28,01,Schleswig-Holstein,01060,LK Segeberg,2,2,3,1,4,48,48,4
2023-12-29,01,Schleswig-Holstein,01060,LK Segeberg,2,2,2,1,5,47,47,5
2023-12-30,01,Schleswig-Holstein,01060,LK Segeberg,2,2,2,1,9,45,45,9
2023-12-31,01,Schleswig-Holstein,01060,LK Segeberg,2,2,4,1,8,46,46,8
2024-01-01,01,Schleswig-Holstein,01060,LK Segeberg,2,2,4,1,12,42,42,12
2024-01-02,01,Schleswig-Holstein,01060,LK Segeberg,2,2,4,1,10,44,44,10
2024-01-03,01,Schleswig-Holstein,01060,LK Segeberg,2,2,3,2,10,44,44,10
2024-01-04,01,Schleswig-Holstein,01060,LK Segeberg,2,2,2,2,23,54,54,23
2024-01-05,01,Schleswig-Holstein,01060,LK Segeberg,2,2,2,2,19,58,58,19
2024-01-06,01,Schleswig-Holstein,01060,LK Segeberg,2,2,2,1,24,53,53,24
2024-01-07,01,Schleswig-Holstein,01060,LK Segeberg,2,2,2,1,25,52,52,25
2024-01-08,01,Schleswig-Holstein,01060,LK Segeberg,2,2,2,2,23,54,54,23
2024-01-09,01,Schleswig-Holstein,01060,LK Segeberg,2,2,2,2,12,65,65,12
2024-01-10,01,Schleswig-Holstein,01060,LK Segeberg,2,2,2,2,12,65,65,12
2024-01-11,01,Schleswig-Holstein,01060,LK Segeberg,2,2,4,2,19,58,58,19
2024-01-12,01,Schleswig-Holstein,01060,LK Segeberg,2,2,5,2,21,56,56,21
2024-01-13,01,Schleswig-Holstein,01060,LK Segeberg,2,2,3,2,22,55,55,22
2024-01-14,01,Schleswig-Holstein,01060,LK Segeberg,2,2,18,10,18,59,59,18
2024-01-15,01,Schleswig-Holstein,01060,LK Segeberg,2,2,19,11,17,60,60,17
2024-01-16,01,Schleswig-Holstein,01060,LK Segeberg,2,2,20,12,14,63,63,14
2024-01-17,01,Schleswig-Holstein,01060,LK Segeberg,2,2,11,5,15,62,62,15
2024-01-18,01,Schleswig-Holstein,01060,LK Segeberg,2,2,8,3,14,63,63,14
2024-01-19,01,Schleswig-Holstein,01060,LK Segeberg,2,2,9,4,16,61,61,16
2024-01-20,01,Schleswig-Holstein,01060,LK Segeberg,2,2,8,2,21,56,56,21
2024-01-21,01,Schleswig-Holstein,01060,LK Segeberg,2,2,8,2,18,59,59,18
2024-01-22,01,Schleswig-Holstein,01060,LK Segeberg,2,2,7,2,21,56,56,21
2024-01-23,01,Schleswig-Holstein,01060,LK Segeberg,2,2,5,3,18,59,59,18
2024-01-24,01,Schleswig-Holstein,01060,LK Segeberg,2,2,5,2,19,58,58,19
2024-01-25,01,Schleswig-Holstein,01060,LK Segeberg,2,2,5,2,15,62,62,15
2024-01-26,01,Schleswig-Holstein,01060,LK Segeberg,2,2,5,2,17,60,60,17
2024-01-27,01,Schleswig-Holstein,01060,LK Segeberg,2,2,6,1,15,57,57,15
2024-01-28,01,Schleswig-Holstein,01060,LK Segeberg,2,2,5,1,18,54,54,18
2024-01-29,01,Schleswig-Holstein,01060,LK Segeberg,2,2,4,4,19,53,53,19
2024-01-30,01,Schleswig-Holstein,01060,LK Segeberg,2,2,4,4,15,57,57,15
2024-01-31,01,Schleswig-Holstein,01060,LK Segeberg,2,2,5,4,13,59,59,13
2024-02-01,01,Schleswig-Holstein,01060,LK Segeberg,2,2,5,3,13,59,59,13
2024-02-02,01,Schleswig-Holstein,01060,LK Segeberg,2,2,5,3,15,57,57,15
2024-02-03,01,Schleswig-Holstein,01060,LK Segeberg,2,2,5,4,17,55,55,17
2024-02-04,01,Schleswig-Holstein,01060,LK Segeberg,2,2,4,4,21,51,51,21
2024-02-05,01,Schleswig-Holstein,01060,LK Segeberg,2,2,4,4,10,62,62,10
2024-02-06,01,Schleswig-Holstein,01060,LK Segeberg,2,2,4,4,17,60,60,17
2024-02-07,01,Schleswig-Holstein,01060,LK Segeberg,2,2,3,3,19,58,58,19
2024-02-08,01,Schleswig-Holstein,01060,LK Segeberg,2,2,3,3,20,57,57,20
2024-02-09,01,Schleswig-Holstein,01060,LK Segeberg,2,2,3,3,14,63,63,14
2024-02-10,01,Schleswig-Holstein,01060,LK Segeberg,2,2,3,3,13,64,64,13
2024-02-11,01,Schleswig-Holstein,01060,LK Segeberg,2,2,3,3,14,63,63,14
2024-02-12,01,Schleswig-Holstein,01060,LK Segeberg,2,2,3,3,17,60,60,17
2024-02-13,01,Schleswig-Holstein,01060,LK Segeberg,2,2,3,3,18,59,59,18
2024-02-14,01,Schleswig-Holstein,01060,LK Segeberg,2,2,2,2,16,61,61,16
2024-02-15,01,Schleswig-Holstein,01060,LK Segeberg,2,2,2,2,13,64,64,13
2024-02-16,01,Schleswig-Holstein,01060,LK Segeberg,2,2,2,2,15,62,62,15
2024-02-17,01,Schleswig-Holstein,01060,LK Segeberg,2,2,2,2,16,61,61,16
2024-02-18,01,Schleswig-Holstein,01060,LK Segeberg,2,2,2,2,16,61,61,16
2024-02-19,01,Schleswig-Holstein,01060,LK Segeberg,2,2,2,2,15,62,62,15
2024-02-20,01,Schleswig-Holstein,01060,LK Segeberg,2,2,2,2,20,57,57,20
2024-02-21,01,Schleswig-Holstein,01060,LK Segeberg,2,2,2,2,19,58,58,19
2024-02-22,01,Schleswig-Holstein,01060,LK Segeberg,2,2,2,2,21,56,56,21
2024-02-23,01,Schleswig-Holstein,01060,LK Segeberg,2,2,2,2,16,61,61,16
2024-02-24,01,Schleswig-Holstein,01060,LK Segeberg,2,2,2,2,17,60,60,17
2024-02-25,01,Schleswig-Holstein,01060,LK Segeberg,2,2,2,2,19,58,58,19
2024-02-26,01,Schleswig-Holstein,01060,LK Segeberg,2,2,2,2,17,60,60,17
2024-02-27,01,Schleswig-Holstein,01060,LK Segeberg,2,2,2,2,18,59,59,18
2024-02-28,01,Schleswig-Holstein,01060,LK Segeberg,2,2,2,2,16,61,61,16
2024-02-29,01,Schleswig-Holstein,01060,LK Segeberg,2,2,2,2,15,62,62,15
2024-03-01,01,Schleswig-Holstein,01060,LK Segeberg,2,2,2,2,17,60,60,17
2024-03-02,01,Schleswig-Holstein,01060,LK Segeberg,2,2,2,2,14,63,63,14
2024-03-03,01,Schleswig-Holstein,01060,LK Segeberg,2,2,0,NA,16,61,61,16
2024-03-04,01,Schleswig-Holstein,01060,LK Segeberg,2,2,1,1,22,55,55,22
2024-03-05,01,Schleswig-Holstein,01060,LK Segeberg,2,2,2,2,21,56,56,21
2024-03-06,01,Schleswig-Holstein,01060,LK Segeberg,2,2,1,1,16,61,61,16
2024-03-07,01,Schleswig-Holstein,01060,LK Segeberg,2,2,1,1,20,57,57,20
2024-03-08,01,Schleswig-Holstein,01060,LK Segeberg,2,2,1,1,14,63,63,14
2024-03-09,01,Schleswig-Holstein,01060,LK Segeberg,2,2,1,NA,341,98,98,341
2024-03-10,01,Schleswig-Holstein,01060,LK Segeberg,2,2,0,NA,34,66,66,34
2024-03-11,01,Schleswig-Holstein,01060,LK Segeberg,2,2,1,NA,22,55,55,22
2024-03-12,01,Schleswig-Holstein,01060,LK Segeberg,2,2,1,NA,13,64,64,13
2024-03-13,01,Schleswig-Holstein,01060,LK Segeberg,2,2,1,NA,14,63,63,14
2024-03-14,01,Schleswig-Holstein,01060,LK Segeberg,2,2,1,NA,12,65,65,12
2024-03-15,01,Schleswig-Holstein,01060,LK Segeberg,2,2,1,NA,17,60,60,17
2024-03-16,01,Schleswig-Holstein,01060,LK Segeberg,2,2,1,NA,17,60,60,17
2024-03-17,01,Schleswig-Holstein,01060,LK Segeberg,2,2,1,NA,17,60,60,17
2024-03-18,01,Schleswig-Holstein,01060,LK Segeberg,2,2,1,1,16,61,61,16
2024-03-19,01,Schleswig-Holstein,01060,LK Segeberg,2,2,1,1,19,58,58,19
2024-03-20,01,Schleswig-Holstein,01060,LK Segeberg,2,2,1,1,13,64,64,13
2024-03-21,01,Schleswig-Holstein,01060,LK Segeberg,2,2,1,1,11,66,66,11
2024-03-22,01,Schleswig-Holstein,01060,LK Segeberg,2,2,1,1,15,62,62,15
2024-03-23,01,Schleswig-Holstein,01060,LK Segeberg,2,2,1,1,18,59,59,18
2024-03-24,01,Schleswig-Holstein,01060,LK Segeberg,2,2,1,1,18,59,59,18
2024-03-25,01,Schleswig-Holstein,01060,LK Segeberg,2,2,1,1,18,59,59,18
2024-03-26,01,Schleswig-Holstein,01060,LK Segeberg,2,2,1,1,13,64,64,13
2024-03-27,01,Schleswig-Holstein,01060,LK Segeberg,2,2,1,1,12,65,65,12
2024-03-28,01,Schleswig-Holstein,01060,LK Segeberg,2,2,1,1,10,67,67,10
2024-03-29,01,Schleswig-Holstein,01060,LK Segeberg,2,2,1,1,14,63,63,14
2024-03-30,01,Schleswig-Holstein,01060,LK Segeberg,2,2,1,1,14,63,63,14
2024-03-31,01,Schleswig-Holstein,01060,LK Segeberg,2,2,1,1,19,58,58,19
2024-04-01,01,Schleswig-Holstein,01060,LK Segeberg,2,2,1,1,19,58,58,19
2024-04-02,01,Schleswig-Holstein,01060,LK Segeberg,2,2,1,1,20,57,57,20
2024-04-03,01,Schleswig-Holstein,01060,LK Segeberg,2,2,1,1,14,63,63,14
2024-04-04,01,Schleswig-Holstein,01060,LK Segeberg,2,2,1,1,16,61,61,16
2024-04-05,01,Schleswig-Holstein,01060,LK Segeberg,2,2,1,1,15,62,62,15
2024-04-06,01,Schleswig-Holstein,01060,LK Segeberg,2,2,1,1,16,61,61,16
2024-04-07,01,Schleswig-Holstein,01060,LK Segeberg,2,2,1,1,16,61,61,16
2024-04-08,01,Schleswig-Holstein,01060,LK Segeberg,2,2,1,1,18,59,59,18
2024-04-09,01,Schleswig-Holstein,01060,LK Segeberg,2,2,1,1,16,61,61,16
2024-04-10,01,Schleswig-Holstein,01060,LK Segeberg,2,2,1,1,12,65,65,12
2024-04-11,01,Schleswig-Holstein,01060,LK Segeberg,2,2,1,0,16,61,61,16
2024-04-12,01,Schleswig-Holstein,01060,LK Segeberg,2,2,1,0,18,59,59,18
2024-04-13,01,Schleswig-Holstein,01060,LK Segeberg,2,2,1,0,18,59,59,18
2024-04-14,01,Schleswig-Holstein,01060,LK Segeberg,2,2,1,0,17,60,60,17
2024-04-15,01,Schleswig-Holstein,01060,LK Segeberg,2,2,1,0,20,57,57,20
2024-04-16,01,Schleswig-Holstein,01060,LK Segeberg,2,2,1,0,19,58,58,19
2024-04-17,01,Schleswig-Holstein,01060,LK Segeberg,2,2,1,0,18,59,59,18
2024-04-18,01,Schleswig-Holstein,01060,LK Segeberg,2,2,1,0,20,57,57,20
2024-04-19,01,Schleswig-Holstein,01060,LK Segeberg,2,2,1,0,22,55,55,22
